33  256 
44  256 
44  256 
34  256 
26  256 
8   256 
64  256 
43  256 
12  256 
42  256 
2   256 
31  256 
71  256 
25  256 
10  256 
14  256 
55  256 
68  256 
35  256 
30  256 
6   256 
16  256 
74  256 
65  256 
53  256 
17  256 
4   256 
41  256 
57  256 
14  256 
7   256 
76  256 
44  256 
37  256 
63  256 
62  256 
51  256 
39  256 
3   256 
59  256 
41  256 
19  256 
51  256 
15  256 
56  256 
8   256 
60  256 
3   256 
44  256 
21  256 
13  256 
29  256 
69  256 
60  256 
44  256 
19  256 
7   256 
21  256 
68  256 
40  256 
52  256 
50  256 
19  256 
69  256 
8   256 
18  256 
35  256 
62  256 
10  256 
12  256 
68  256 
47  256 
28  256 
43  256 
7   256 
28  256 
44  256 
32  256 
8   256 
13  256 
21  256 
44  256 
65  256 
41  256 
70  256 
60  256 
67  256 
65  256 
54  256 
41  256 
22  256 
75  256 
29  256 
42  256 
9   256 
11  256 
26  256 
71  256 
72  256 
10  256 
26  256 
33  256 
35  256 
74  256 
15  256 
5   256 
76  256 
29  256 
35  256 
42  256 
37  256 
14  256 
17  256 
8   256 
13  256 
71  256 
10  256 
31  256 
20  256 
68  256 
46  256 
44  256 
41  256 
52  256 
39  256 
49  256 
45  256 
43  256 
28  256 
6   256 
22  256 
6   256 
33  256 
58  256 
43  256 
51  256 
21  256 
6   256 
67  256 
74  256 
69  256 
19  256 
55  256 
5   256 
67  256 
42  256 
11  256 
38  256 
53  256 
44  256 
57  256 
58  256 
12  256 
21  256 
13  256 
63  256 
74  256 
61  256 
69  256 
25  256 
29  256 
71  256 
3   256 
11  256 
5   256 
59  256 
6   256 
28  256 
75  256 
71  256 
55  256 
21  256 
16  256 
30  256 
57  256 
30  256 
32  256 
43  256 
12  256 
0   256 
57  256 
3   256 
65  256 
54  256 
66  256 
40  256 
39  256 
47  256 
5   256 
12  256 
8   256 
64  256 
34  256 
38  256 
14  256 
49  256 
44  256 
25  256 
48  256 
13  256 
71  256 
47  256 
30  256 
7   256 
18  256 
63  256 
63  256 
46  256 
12  256 
76  256 
40  256 
12  256 
74  256 
3   256 
73  256 
33  256 
34  256 
21  256 
59  256 
35  256 
7   256 
46  256 
63  256 
45  256 
6   256 
39  256 
69  256 
46  256 
36  256 
23  256 
50  256 
22  256 
32  256 
15  256 
47  256 
44  256 
71  256 
31  256 
64  256 
13  256 
67  256 
0   256 
16  256 
33  256 
36  256 
7   256 
69  256 
48  256 
58  256 
16  256 
46  256 
72  256 
1   256 
52  256 
25  256 
73  256 