20 25 26 28 33 37 38 44 83 95 107 110 111 114 121 122 150 153 155 162 184 186 189 190 192 193 206 211 217 219 232 237 244
2 7 11 25 38 45 54 55 56 57 60 65 73 75 78 82 83 87 91 94 115 125 128 129 143 154 158 168 180 183 189 191 197 202 205 208 226 231 237 241 243 252 253 254
0 3 5 8 13 15 18 19 39 42 59 63 66 69 76 78 96 99 101 106 116 117 118 123 136 137 139 144 149 156 161 169 173 182 191 195 198 224 226 227 231 245 253 255
3 7 9 33 51 53 62 70 81 82 94 102 104 107 129 134 146 161 162 169 173 182 185 187 200 209 219 224 233 234 238 242 254 255
1 5 9 12 17 19 36 43 45 50 53 73 78 95 120 130 136 173 175 183 197 222 228 230 235 236
73 102 104 105 113 140 242 252
8 9 13 22 25 27 32 35 47 48 51 61 63 65 70 76 79 82 86 89 90 101 104 105 108 112 113 114 116 117 121 126 128 129 130 133 136 138 146 150 151 154 155 161 176 185 186 193 196 197 198 200 201 206 211 212 218 220 223 236 237 247 248 252
0 7 15 20 28 32 36 38 50 85 86 90 110 113 121 122 126 129 131 144 147 154 159 162 169 176 180 183 187 194 200 202 203 214 215 216 222 224 231 243 246 252 255
14 30 62 64 75 77 116 133 135 145 161 230
23 24 27 31 39 46 50 57 61 68 76 77 78 82 114 118 120 123 131 142 143 149 151 158 165 178 183 184 193 197 204 205 208 211 212 216 220 226 227 237 241 245
194 239
1 7 8 10 15 23 26 35 41 45 53 57 72 105 131 133 138 146 156 158 168 175 182 185 207 208 219 225 227 242 243
6 8 15 18 24 28 32 40 41 44 51 52 55 56 64 65 67 70 76 77 81 86 90 91 97 99 100 104 108 110 113 115 118 120 124 128 134 140 143 153 154 156 158 159 160 163 165 167 175 179 180 181 185 190 195 196 207 219 221 227 233 235 238 241 242 245 246 247 249 252 254
9 13 27 31 38 51 83 87 88 90 112 119 121 134 139 148 164 170 178 196 197 231 237 249 250
15 46 84 129 146 150 176 237 239 250
4 59 75 104 111 116 127 145 154 175 192 207 213 254
3 19 24 31 43 44 53 56 73 74 79 81 82 84 86 88 89 97 103 109 111 112 116 117 121 128 131 132 134 140 142 143 159 168 183 184 186 188 191 193 195 196 201 207 209 210 212 216 217 221 232 236 242 250 253
1 9 14 16 17 23 28 40 52 56 59 62 64 66 67 69 76 82 86 87 92 108 109 111 113 115 118 119 126 128 129 130 135 139 140 145 148 149 153 159 160 161 163 164 165 167 171 173 174 176 179 181 186 192 196 198 204 205 212 215 220 231 232 233 237 243 244 254
6 9 21 22 44 52 55 60 65 68 82 84 89 96 107 109 111 136 150 153 154 157 159 163 165 168 183 184 187 188 189 196 200 238 240
1 4 12 15 20 24 28 39 58 62 72 76 78 97 118 122 128 136 147 160 161 171 184 187 197 204 211 215 224 234
14 85 87 211 219 241
5 25 26 37 48 62 90 94 95 121 141 160 165 173 209 252
2 4 7 13 14 17 19 22 24 32 36 37 39 41 47 51 52 54 57 59 62 64 66 67 82 84 87 90 93 94 95 107 108 113 120 124 125 128 135 140 151 153 170 171 173 177 182 183 187 191 192 193 197 200 202 203 205 208 213 214 215 222 225 226 228 229 233 236 239 242 247 248 250 255
5 16 23 28 40 43 50 54 55 61 63 67 69 71 78 81 83 85 94 96 97 99 101 103 112 117 119 121 125 133 135 138 139 141 146 152 153 156 157 165 168 171 176 185 187 192 194 197 200 204 208 209 210 216 217 225 228 234 239 244 246 247 248 252 256
13 15 26 27 29 30 45 52 56 57 61 64 69 74 92 98 108 109 111 112 113 116 117 120 126 132 133 134 136 138 144 147 153 156 159 176 177 181 188 189 190 191 193 194 196 199 213 227 232 236 239 251 256
20 22 30 31 37 38 91 123 126 146 147 159 175 184 222 225 241
48 53 236 256
4 6 14 17 18 19 23 39 41 61 63 65 87 90 98 103 119 124 129 140 148 150 167 171 177 179 195 198 199 201 210 211 214 220 226 242 246 249 251 253 256
9 11 16 17 27 28 36 41 44 47 52 55 63 65 70 73 77 80 81 82 88 101 106 107 112 118 119 124 129 136 138 139 146 147 152 153 154 161 163 172 173 176 177 182 183 191 193 195 199 222 229 230 235 238 240 245 254
47 48 62 89 113 130 138 146 148 155 211 221 226 229
2 9 67 148 168 223 240
0 1 4 5 6 11 16 17 22 28 30 32 37 39 41 43 46 50 52 56 61 64 65 73 86 88 93 95 97 100 102 115 123 124 130 134 137 139 141 143 144 146 158 159 163 168 170 173 177 179 190 191 197 198 200 212 213 216 219 220 225 229 234 235 236 237 238 239 241 242 243 247 250 251 252 253
16 24 25 41 44 46 48 54 55 57 58 69 75 80 94 98 103 106 118 120 123 125 127 131 135 144 150 159 162 172 174 176 181 182 192 194 196 204 206 208 212 237 239 253
5 35 38 39 62 69 78 81 82 84 88 98 101 103 108 110 116 123 124 142 144 149 153 157 163 178 189 192 199 200 201 202 211 214 227 232 239
9 11 14 15 17 21 24 25 29 31 32 33 34 38 53 56 58 59 60 66 76 77 78 80 81 85 90 104 106 107 114 123 127 137 141 147 148 154 156 157 159 164 165 170 172 180 189 193 194 202 213 225 226 227 244 245 246 248 250 253 254 255 256
2 3 14 15 17 18 28 34 39 43 49 54 59 61 63 65 77 80 81 82 84 85 88 89 91 98 102 105 110 118 121 129 132 142 146 147 149 151 155 159 165 167 169 173 174 180 198 199 205 208 210 213 217 222 223 227 230 237 238 243 244 254
6 16 22 23 34 36 44 53 60 64 74 77 80 82 84 85 87 88 94 99 113 128 135 136 142 151 157 158 161 164 174 175 178 180 183 188 189 192 200 210 217 218 222 224 227 228 233 236 237 243 250
18 22 28 31 35 40 43 50 51 55 57 59 62 73 82 108 109 113 117 118 125 131 132 143 153 156 163 184 187 194 196 202 209 216 233 238 239 242 248
12 69 93
0 1 6 9 16 19 22 27 28 31 34 36 37 39 43 47 53 55 72 74 85 90 101 104 107 115 121 122 130 131 134 135 140 142 143 144 154 156 159 160 164 174 184 186 191 197 199 207 209 216 218 219 223 227 229 234 235 237 242
1 6 22 24 26 28 60 63 77 78 90 103 112 119 120 125 140 145 146 154 158 160 161 162 178 190 200 203 205 210 215 220 221 223 233 236 240 246 251 252 253
35 37 40 41 59 67 83 88 91 113 140 158 176 190 194 199 200 204 245
5 6 8 14 15 21 41 47 58 70 79 84 85 88 95 97 103 104 113 117 120 121 125 128 135 137 138 141 155 159 167 168 176 182 187 189 190 198 201 202 204 210 214 218 222 225 236 237 245 250 251
2 18 46 58 85 88 103 115 130 137 150 186 193 201 234
1 5 8 14 22 23 24 35 37 39 41 42 43 45 48 50 51 53 58 59 65 80 86 89 93 95 99 105 106 107 108 123 139 146 147 149 156 158 160 162 174 179 181 185 186 201 214 216 220 224 235 243 244 245 248 252
26 61 75 96 131 137 198 245
0 1 2 4 17 20 23 24 25 32 34 38 40 50 63 74 83 84 91 94 95 100 101 107 114 116 119 129 131 133 134 142 144 145 147 149 150 151 156 158 162 163 168 169 170 180 184 203 204 206 210 215 219 223 225 237 239 243 244 245
33 48 85
1 10 11 14 20 22 34 39 40 41 49 56 64 67 74 81 84 93 111 112 116 117 119 122 127 130 132 143 147 153 155 168 183 199 207 210 217 218 221 234 236 240 250 253
0 6 18 20 22 28 42 46 66 84 101 131 138 142 148 153 179 183 194 211 215
8 14 17 26 49 70 89 124 128 160 163 164 206
12 14 32 39 58 60 63 65 82 90 94 102 104 109 120 122 124 126 128 139 184 187 198 203 230 234 237 243 244
0 2 4 9 16 19 20 29 31 32 36 44 46 47 49 54 55 58 60 67 69 73 78 79 81 85 86 89 90 93 95 112 114 115 116 118 122 123 124 132 133 134 136 139 142 146 155 162 165 171 175 178 180 181 182 183 185 191 194 199 205 221 240 244 247 249 252 254 256
7 9 13 20 22 25 26 33 36 44 48 54 56 60 61 68 69 70 88 97 99 101 107 112 115 117 118 120 122 126 127 128 138 142 146 147 151 154 155 157 158 163 173 183 191 194 196 206 207 214 225 230 236 237 239 240 242 248 250 256
5 6 8 14 19 23 36 38 44 53 62 84 86 87 88 93 106 109 110 112 119 120 121 144 148 151 159 161 165 166 168 170 171 191 203 204 208 210 222 234 236 250 251 252
1 22 34 85 92 101 113 140 150 156 190 197 201 217 236 241 253 254 256
59 67 175 204 209 235 236
1 31 36 43 45 67 73 104 116 117 160 177 187 197 219 225 235 248 249 252 256
0 3 8 11 12 13 14 21 43 49 52 55 61 62 66 67 73 76 80 81 83 84 85 88 91 92 94 95 96 104 110 115 124 129 132 133 136 138 140 147 148 152 158 159 160 173 174 177 179 181 188 190 193 195 198 202 203 206 213 215 217 219 226 227 231 234 244 252
11 17 20 24 27 31 49 53 61 64 65 73 75 77 83 85 97 102 104 105 108 109 115 145 164 167 185 189 208 209 213 214 217 218 237 239 243 246 254 255
1 3 5 8 10 32 38 39 42 46 47 50 51 52 64 71 73 83 90 98 101 103 107 109 112 113 117 118 120 126 127 131 137 138 142 149 169 176 180 186 188 204 205 208 212 215 220 233 247 248 252 256
3 5 15 17 23 31 38 46 65 67 72 73 78 88 93 94 100 104 109 118 125 127 135 136 137 139 144 148 154 159 164 174 177 178 184 187 191 196 205 207 210 211 220 223 227 232 238 243 254 256
35 39 98 100 120 130 139 151 166 178 186 189 203 208 211 213 228 239 247
14 17 19 24 25 27 31 33 37 42 45 47 48 52 57 60 64 65 72 76 78 82 87 88 90 91 92 93 98 101 102 105 121 122 131 132 134 138 142 147 150 151 165 171 173 176 178 181 184 189 196 200 201 205 206 209 214 215 217 218 219 224 225 228 238 241 244 248 250
25 35 43 119 133 167 194 214
12 27 35 41 46 54 64 82 100 103 113 116 128 159 172 189 198 227
1 12 15 16 31 38 44 45 58 60 65 70 75 85 87 96 98 105 106 108 120 146 159 180 190 195 204 215 216 223 225 229 237 239 241
2 4 8 10 11 13 15 18 20 21 27 35 41 44 46 51 56 62 66 73 76 77 82 85 87 89 93 97 99 106 107 117 118 120 122 123 127 139 140 158 166 168 170 173 183 192 195 198 201 202 203 204 205 216 219 222 223 230 233 237 248 251
1 8 15 31 118 159 160 184 221 224
11 75 76 86 104 118 131 139 156 183 199 236
5 13 14 16 17 23 28 36 40 45 48 49 57 59 64 66 67 73 74 82 83 84 93 95 99 111 117 120 126 128 129 136 138 143 144 147 149 155 162 171 172 175 177 181 184 186 187 193 194 198 201 203 204 207 211 215 222 223 225 227 233 242 243 248 250 252 253 254
1 29 34 37 39 40 41 46 56 59 62 72 77 84 88 90 101 104 108 115 116 124 129 138 141 146 148 151 156 167 173 175 178 181 185 187 188 196 204 215 223 225 234 237 238 247 256
11 44 63 67 76 77 87 94 106 110 114 117 135 144 145 148 150 175 189 194 199 218 229 232 235 244 245 247
8 11 14 30 31 35 36 37 47 51 55 59 74 86 97 107 116 119 124 129 136 140 147 152 159 168 170 174 176 179 182 188 192 194 206 209 213 222 228 230 234 236 241
92 127 134 164 213 246 252
5 7 12 31 39 46 70 85 86 92 100 113 120 134 146 157 167 170 174 187 189 191 218 220 231 234 245 249
0 1 6 18 35 37 41 52 57 68 69 71 82 89 98 106 122 123 125 127 129 136 137 138 139 140 151 152 160 161 188 195 208 215 217 220 221 226 227 230 241 243 248 250
5 16 20 28 41 67 78 80 81 82 86 100 115 122 130 132 134 168 170 173 176 179 194 195 198 199 206 209 210 229 242 249
7 11 42 119 151 214 223 224
11 19 46 52 63 107 135 147 156 171 181 214 238
6 9 23 44 60 74 76 88 93 97 102 113 135 152 162 179 181 190 225 234 254
2 6 8 14 22 25 26 30 39 43 59 61 83 91 92 95 99 108 111 116 135 138 147 152 155 166 170 174 179 180 190 197 202 205 206 210 212 216 217 229 234 235 239 255
1 9 10 15 20 21 22 24 25 29 38 39 45 48 50 54 60 64 67 68 72 76 77 78 79 80 90 91 93 100 101 106 110 111 120 122 131 133 134 135 142 152 154 168 169 172 174 182 198 199 210 211 212 216 218 219 221 223 232 236 241 244 246 248 253
10 21 33 40 48 50 54 59 67 86 90 99 105 108 112 117 118 131 136 138 139 143 144 150 152 153 162 168 184 188 189 193 195 201 212 215 220 226 231 232 251
1 3 8 10 11 20 21 22 24 27 33 38 40 45 46 47 53 61 63 69 70 75 77 87 88 90 95 98 100 101 111 112 118 120 123 126 143 148 150 154 157 158 161 163 164 165 167 168 171 173 174 180 191 207 211 215 219 220 225 226 227 231 232 233 234 239 244 245 253 255
1 5 6 8 15 17 22 23 30 35 43 50 55 57 59 68 76 79 92 99 100 102 103 108 109 110 119 121 122 129 135 139 143 144 145 148 149 150 151 152 156 160 165 167 169 172 187 195 196 199 200 211 213 214 217 232 242 244 245 249
13 17 26 28 30 33 34 40 49 52 55 62 63 69 72 75 77 83 87 90 92 97 103 105 112 113 117 119 123 124 126 128 133 137 138 139 142 143 156 157 159 162 175 177 178 183 184 192 195 201 205 206 209 210 212 213 214 217 225 228 230 235 238 244 249 250 254
2 8 15 21 25 40 46 52 54 55 59 61 66 81 85 86 90 93 95 100 102 105 106 109 113 115 120 122 124 125 128 129 144 151 152 156 161 163 168 172 174 177 178 181 184 185 188 190 191 192 198 202 204 206 214 217 219 221 226 234 237 241 242 245 248
8 13 19 24 25 26 33 36 46 48 52 54 63 67 69 76 79 80 82 84 93 95 100 101 102 104 105 108 109 112 116 118 123 132 136 153 154 156 157 170 196 197 198 200 214 218 220 224 225 233 235 248 253 256
0 7 16 25 39 47 51 56 62 64 70 84 87 98 101 125 130 132 144 146 148 151 154 156 167 172 177 187 202 207 210 214 215 227 229 233 235 239 243 251 255
2 8 19 47 54 58 87 116 118 120 128 130 146 148 149 152 186 208 217 221 244 255
0 3 6 10 12 23 25 27 31 33 37 42 43 46 48 51 55 68 70 71 73 76 81 82 90 91 100 101 102 104 109 115 118 121 124 125 130 131 133 135 138 139 142 143 149 158 160 164 167 176 177 179 181 185 187 190 191 194 195 196 197 198 206 208 213 214 218 219 224 225 229 231 239 242 253
6 7 52 56 70 88 91 121 122 128 144 148 163 166 171 178 188 189 191 198 199 202 208 218 220 227 233 241 253
0 15 19 37 38 39 40 56 58 75 84 86 88 103 106 109 111 112 116 123 124 127 137 141 147 150 174 176 179 182 188 194 196 197 199 202 204 206 217 218 223 228
2 15 73 97 107 122 150 175 193
58 70 93 106 109 142 145 149 178 184 205
0 4 6 14 17 39 55 92 95 96 107 112 114 117 133 143 145 148 158 163 178 198 210 239 245 252
2 4 6 7 14 17 20 23 32 33 40 43 44 46 50 55 60 61 68 71 72 75 81 83 90 92 99 101 103 104 105 111 114 118 126 128 131 137 139 147 149 151 153 164 166 168 169 172 174 181 183 193 194 200 204 209 211 213 220 227 228 232 233 234 242 243 244 247 248 249 252
1 4 5 6 8 15 24 25 28 29 30 31 34 37 38 41 44 45 51 56 61 68 82 83 87 92 95 96 104 105 106 112 114 118 119 120 125 127 129 130 138 141 146 147 149 160 161 164 169 171 173 178 185 187 188 200 204 208 212 221 223 227 230 233 234 238 241 245 248 252 253 255
7 19 65 81 168 179 182 208 245 254
3 24 26 30 32 57 77 78 79 89 92 118 133 138 139 159 177 191 195 202 203 205 207 219 227 244
3 5 17 18 46 60 72 75 93 101 115 118 122 124 126 133 146 151 152 161 170 173 177 196 204 207 220 224 231 238 245 254 256
10 19 23 28 29 32 44 46 49 54 59 64 70 72 92 101 104 114 139 142 146 156 157 160 162 163 188 201 202 210 222 230 233 255 256
1 4 5 7 17 18 22 25 27 32 43 44 45 48 50 56 59 61 63 73 74 76 79 95 96 97 102 105 106 111 112 114 116 118 122 126 130 139 145 146 147 150 156 158 159 164 165 171 181 183 185 194 195 196 198 199 202 204 205 214 215 216 218 219 223 227 232 233 234 235 236 246 248 254
13 27 37 52 92 95 98 103 105 117 124 159 209 234 247
84 136 150 167 228
4 5 9 13 17 19 22 29 32 34 40 45 52 60 62 63 64 70 74 77 84 90 91 97 101 107 110 115 116 118 124 126 128 136 138 142 144 146 153 156 157 159 160 161 164 165 166 169 170 176 177 179 180 187 188 191 194 196 197 200 206 207 209 210 215 221 224 230 233 235 242 245 248 249 250 252
19 25 35 41 44 45 54 64 70 86 90 94 97 105 114 119 120 121 132 145 151 160 161 163 187 204 217 224 229
16 35 40 41 50 58 61 77 89 94 95 101 123 124 125 129 131 133 143 153 165 178 182 193 199 202 215 219 220 222 223 226 229 234 236
0 7 8 17 18 26 29 46 50 56 59 61 67 77 78 97 109 115 132 138 139 146 149 150 157 161 162 164 171 173 175 184 186 201 210 222 232 233 235 238 241 244
9 10 15 31 38 41 43 62 64 70 74 79 82 95 109 113 115 116 120 127 133 146 147 149 153 165 178 182 185 190 194 205 222 224 238 242 249
34 48 60 115 142 145 169 207 209 217 222 226 238 246
23 34 40 44 68 71 76 89 116 141 150 155 169 185 193 233 255
7 102 117 134 172 220 237 251
64 77 110 112 114 147 166 200 221 242 246 248 256
0 3 4 7 12 14 18 19 20 30 38 39 46 48 53 56 62 63 64 75 78 79 82 83 93 95 96 101 109 111 112 114 115 123 124 126 127 136 137 138 139 141 142 147 149 157 160 162 169 173 174 184 186 201 211 212 213 214 216 218 222 225 226 227 229 230 233 237 243 246 249
13 21 54 94 106 134 154 172 218 256
0 6 14 23 29 37 57 69 73 79 85 87 106 117 123 126 130 132 148 152 157 170 176 198 206 212 213 216 233 250 256
4 5 19 24 25 62 65 69 90 100 121 140 144 145 160 189 191 206 215 248
2 7 14 15 21 26 27 28 36 42 43 45 46 48 49 51 55 64 65 69 70 73 76 77 78 83 84 91 95 99 100 102 104 106 107 122 123 125 129 134 137 144 152 155 156 163 164 177 183 190 191 200 205 209 212 213 216 217 221 226 229 237 238 241 244 245 249 255
1 2 8 13 14 16 18 19 20 34 37 38 65 66 73 78 93 99 106 112 113 114 120 122 130 154 162 163 167 168 169 171 173 176 177 181 182 193 205 210 216 222 225 229 230 249
3 5 7 8 24 28 46 47 49 74 89 101 108 112 117 127 130 141 143 148 150 157 162 163 169 172 178 181 183 208 212 219 222 224 225 228 231 233 236 242 245 247 253 255
3 5 10 13 25 27 33 35 48 56 69 70 83 84 86 93 104 112 121 122 123 131 137 142 147 152 153 170 186 187 199 201 210 211 217 227 230 234 240 242 244
9 15 16 17 22 25 28 30 32 48 53 54 58 59 62 64 66 71 81 99 101 102 103 118 121 128 130 141 153 160 164 170 174 175 181 182 186 188 193 200 202 215 216 218 229 232 233 235 240 244 248 254
5 9 13 16 17 22 25 28 32 43 46 51 58 69 88 90 95 98 103 117 124 125 126 131 146 147 152 164 168 198 203 222 228 233 236 240 241 251 253
1 15 24 25 29 39 42 43 46 50 58 60 70 76 81 82 84 86 90 97 102 107 116 118 122 130 131 133 140 144 145 146 152 154 157 161 178 188 194 201 208 211 212 216 228 235 237 238 252
3 15 18 21 25 39 40 49 52 54 58 64 66 71 73 76 83 86 91 99 101 108 109 111 119 124 126 127 131 135 144 146 152 153 156 159 181 188 199 202 231 232 243 251 255
5 13 23 25 26 28 29 31 51 53 60 61 64 75 77 80 82 89 91 93 96 102 105 109 122 134 145 148 152 165 168 172 175 183 190 194 199 209 211 226 240 250 256
5 15 21 26 58 66 89 94 97 99 107 110 121 124 131 132 138 139 171 175 186 193 203 229 231 237 239 250
37 53 61 147 165 240
18 22 27 31 46 59 77 94 101 112 146 151 168 192 203 209 210 214 229 239 244 251
42 105 138 139 150 179
10 15 25 36 42 54 70 71 73 83 87 91 102 114 117 128 144 152 156 163 165 169 192 202 208 219 221 231 232 233 247 250 251
0 1 3 7 8 10 12 14 15 25 34 35 40 44 46 47 54 57 66 69 80 84 90 91 93 94 97 100 109 115 123 129 133 137 140 141 149 151 155 157 165 167 171 182 186 188 192 198 199 208 213 217 220 230 248 249 252 255
10 11 17 28 30 33 38 51 53 74 84 89 93 96 97 101 108 124 128 159 161 174 175 185 187 189 190 200 201 203 206 223 226 228 230 237 239 241 242 245 253 254 255
15 17 25 30 32 33 35 36 37 55 67 69 70 76 90 99 100 117 119 120 122 130 132 138 139 143 151 157 160 161 162 165 166 173 174 177 180 181 190 194 199 200 209 217 224 225 228 231 233 236 251
7 23 26 28 31 46 47 54 65 72 120 144 165 170 179 197 220 227 236 244 248
1 139 144 187 226 248
1 3 4 8 15 20 23 24 26 27 34 46 47 50 59 61 62 73 75 79 81 83 84 87 94 104 105 109 110 116 123 132 134 135 140 142 149 156 160 162 163 164 167 171 173 177 184 187 198 200 204 208 212 215 221 222 223 224 225 228 230 233 237 238 239 240 256
0 6 9 11 14 25 27 29 31 32 36 41 44 53 57 58 60 61 66 67 70 71 72 76 79 87 89 93 94 98 104 107 111 114 122 123 127 130 131 135 138 142 147 149 152 153 154 160 163 173 177 179 181 185 191 197 199 200 202 203 204 210 211 212 213 217 223 227 228 230 239 240 251 255
1 8 12 13 31 32 35 36 41 44 46 48 50 52 54 56 61 63 70 71 78 81 83 84 88 93 94 99 101 109 112 119 121 122 123 124 133 135 136 138 140 141 146 147 153 158 162 165 166 169 175 177 178 180 184 187 190 197 202 205 215 216 219 227 229 234 243 247 252
4 7 9 27 34 68 69 85 89 91 119 123 126 152 154 156 158 172 213
0 2 17 18 19 25 28 35 37 41 48 54 59 61 66 68 69 72 76 77 86 89 90 95 102 108 113 119 122 128 131 138 145 146 171 173 174 179 183 185 199 201 210 211 213 221 225 226 229 232 236 239 241 247 254
48 106 179 212 225
4 6 12 14 16 18 28 31 35 36 39 40 48 52 54 61 63 71 82 84 85 87 100 102 106 114 116 119 121 123 125 126 128 131 132 133 136 142 146 147 156 161 162 167 170 176 177 179 181 182 186 188 192 193 194 196 205 210 216 221 224 226 239 243 248 249 250
7 8 21 25 28 34 38 52 53 56 62 63 87 90 91 97 100 101 117 119 120 125 131 140 145 148 165 167 170 187 195 198 203 208 220 229 235 245 246 248 254 255
53 73 123 150 151 154 163 164 211 221 248
15 20 24 25 29 31 33 38 40 45 64 80 92 99 102 107 137 142 149 161 166 171 175 180 181 186 190 195 199 200 209 215 224 226 227 228 250 254
7 9 11 15 17 31 32 33 34 37 38 39 50 71 76 77 79 85 86 92 99 102 114 117 122 124 132 133 134 144 148 151 160 161 166 167 173 175 181 183 187 189 196 200 207 209 225 230 233 239 241 248 253
4 7 14 18 19 21 27 28 29 34 35 36 44 45 48 50 61 67 75 79 90 92 98 101 109 114 149 157 159 162 181 185 187 191 194 195 199 203 211 226 239 246 251 254
2 4 12 14 20 31 34 35 52 54 55 63 72 81 86 90 96 97 106 108 111 114 116 122 123 124 127 137 139 140 145 146 149 150 151 158 165 167 169 173 174 187 190 194 203 206 212 214 217 219 237 241 243 246 252 253 255
3 7 10 15 18 23 31 37 40 43 46 56 60 62 64 70 75 76 77 79 86 90 91 93 94 102 103 104 115 124 125 129 130 133 137 141 153 164 165 172 175 177 182 184 196 200 201 204 208 209 212 218 221 227 241 244 250 253
26 31 72 86 121 127 129 151 164 186 234 246
5 11 12 17 39 57 58 87 91 103 108 111 155 168 170 184 186 212 230 247 253
15 24 28 88 93 98 126 132 174 196 223 246 252
9 11 13 14 18 20 28 29 36 38 40 42 43 52 59 62 64 66 72 79 80 81 85 98 107 111 116 118 119 122 126 131 132 134 138 139 158 163 164 167 172 188 189 191 192 193 194 196 200 203 204 205 208 212 223 232 239 240 242 246 247 255 256
2 6 13 15 19 24 25 28 39 43 45 47 51 52 53 55 57 59 60 65 66 68 70 71 78 79 82 86 87 95 97 99 101 102 105 106 110 113 114 116 120 125 133 134 137 140 141 143 152 155 157 158 164 168 174 178 184 191 193 198 205 211 212 215 222 224 227 228 229 233 234 242 243 252
1 4 7 9 10 14 16 38 44 45 54 57 58 63 69 72 87 92 100 102 108 113 119 120 121 122 123 129 131 138 145 146 149 153 154 157 159 169 172 173 174 182 183 184 186 189 191 194 196 197 198 200 205 220 227 228 243 245 251 254 255
5 9 12 14 22 23 24 25 28 38 40 41 51 57 59 60 62 63 64 72 75 78 80 82 83 84 91 96 102 106 110 123 125 126 129 136 137 143 144 145 146 155 156 157 159 161 167 171 177 179 182 183 185 186 188 191 198 203 208 215 217 220 227 231 234 236 241 242 255
0 4 7 16 30 41 46 67 82 83 91 93 99 103 134 138 170 171 179 189 201 203 211 231 253
7 15 26 33 36 38 54 55 56 57 88 92 93 107 110 122 123 139 140 144 156 164 193 194 208 221 227 231 255
0 4 9 11 13 17 23 24 26 33 37 39 40 41 43 45 49 57 59 61 63 65 66 69 73 80 81 92 96 99 104 110 116 119 124 129 137 140 141 146 148 152 155 157 160 163 164 174 175 177 178 186 187 201 204 205 207 210 213 216 220 223 224 225 227 232 235 242 244 253 255
19 205 224
30 81 83 111 132 144 165 167 171 186 227
63 116 120 173 210
0 3 4 7 8 11 14 16 23 24 28 29 36 39 45 46 49 55 57 58 59 70 71 72 74 87 90 92 94 96 104 106 109 113 114 121 126 129 132 133 134 135 143 144 152 164 167 188 208 209 226 228 230 239 244 245 247 250 256
11 12 13 98 143 240
1 14 18 31 33 43 48 51 58 61 64 68 76 93 109 122 164 170 176 178 181 192 202 216 224 229 236 248
1 12 15 17 19 25 31 35 37 40 41 43 48 50 53 54 57 61 62 65 70 72 81 85 91 93 97 98 109 113 114 118 124 126 129 132 135 136 144 145 146 147 148 153 155 160 161 163 170 173 175 176 187 191 193 195 199 200 204 208 209 214 215 216 218 222 229 230 234 235 240 249 250 255 256
2 11 12 24 27 31 33 34 40 51 54 56 58 59 61 62 63 64 66 68 85 86 95 96 102 116 123 124 125 130 132 135 136 138 142 145 150 152 153 156 160 163 168 169 170 179 181 183 184 185 196 197 201 202 203 211 212 214 216 217 219 224 225 233 236 237 240 245 247 252 254
14 18 25 29 32 33 34 53 56 60 66 77 86 88 92 99 105 108 110 114 121 122 125 126 131 134 136 139 149 150 154 164 165 167 168 171 174 177 186 188 191 193 198 203 204 206 207 214 219 222 223 226 239 255 256
18 23 27 39 41 60 71 82 134 148 156 160 176 196 197 204 208 213 230 238 251
13 24 33 47 53 68 107 112 124 184 190 204 213 214 236 243
5 15 33 42 44 54 55 71 79 86 128 131 138 159 160 169 170 175 189 197 203 207 213 214 215 228 229 246 247 248
1 2 5 6 12 14 19 26 28 47 58 63 64 68 70 71 73 76 83 87 89 91 98 117 125 127 132 142 147 148 150 156 160 166 180 181 184 187 188 190 194 196 197 208 212 213 217 230 231 233 235 236 241 247 248 249 255
4 5 8 16 19 26 41 50 52 53 54 99 120 129 132 156 171 174 191 195 200 206 212 218 225 226 230 235 243 249
7 10 24 42 43 73 75 84 85 91 95 98 99 100 122 132 141 144 151 155 164 170 177 181 187 198 201 208 229 244 249 254
4 9 10 13 17 31 43 48 53 78 79 100 101 102 107 109 112 117 126 127 128 135 136 154 162 164 166 176 186 188 214 215 217 224 232 237 240 241 244 246 249 252 253
16 39 51 90 106 116 157 183 188 195 202 229

0 3 8 13 25 32 36 40 49 54 60 65 68 73 78 83 84 104 105 106 109 110 115 121 126 134 135 137 139 145 146 151 152 154 157 162 168 176 187 196 201 212 214 216 217 218 219 233 238 243 244 246 247 249 252 253 256
37 51 231
9 11 12 15 20 25 32 35 40 42 49 50 51 56 60 62 67 73 78 80 81 83 85 91 95 96 97 105 117 119 122 123 126 135 137 138 142 143 144 147 150 157 162 164 171 177 180 185 187 194 199 200 204 208 216 220 230 231 238 239 240 241 244 245 256
1 8 15 16 20 22 30 37 56 57 67 68 69 77 83 86 93 94 95 96 101 102 111 122 130 131 142 143 153 158 163 173 175 183 187 189 204 206 209 212 213 214 217 218 221 226 227 242 243 245 246 248 249 252
3 4 8 9 21 30 33 34 45 46 51 54 55 60 62 63 71 72 75 76 82 91 95 96 102 104 106 107 112 119 123 129 135 139 140 141 144 152 153 154 156 159 165 167 168 169 170 179 180 186 190 192 195 196 200 209 218 220 221 231 233 235 238 243 246 249
13 16 19 27 32 33 34 36 38 44 48 53 63 77 78 90 96 97 102 118 127 132 141 145 149 161 174 177 181 189 199 214 216 223 228 232 233 239 245 249
0 4 6 24 26 34 37 58 65 67 68 71 79 81 89 93 96 116 133 136 137 145 148 150 153 154 165 167 173 204 212 213 215 219 227 229 230 237 244
11 13 24 25 27 28 29 33 48 52 53 60 67 75 78 82 85 87 91 94 98 99 103 104 108 109 114 119 120 122 126 132 133 140 150 156 175 177 193 200 206 209 223 239 245 246 256
78 120 137 157 176
23 41 66 123 124 148 163 172 195 226 235 245
37 55 86 127 129 152 191 216
19 20 28 30 31 35 41 45 46 49 50 53 57 62 63 64 72 76 81 87 95 97 99 101 104 105 109 114 120 121 126 136 137 138 142 148 154 156 159 160 168 172 177 178 185 187 188 190 194 199 203 204 206 207 212 213 222 227 237 239 242 244 245 256
2 6 31 37 40 50 73 80 103 105 106 107 108 110 118 119 122 143 153 159 177 179 180 181 184 187 192 197 205 220 228 234 237 239
1 12 14 17 34 35 39 40 55 78 95 97 101 102 108 110 124 125 126 132 136 138 140 149 151 156 159 161 165 180 206 208 212 227 228 234 240 256
56 75 116 118 120 126 201 215 216 227 241 248 249 254
17 19 20 22 27 35 37 39 44 49 53 60 63 72 76 80 83 89 91 92 93 94 96 110 122 125 129 130 131 145 148 160 165 173 177 185 189 194 195 196 199 204 213 218 225 229 231 247 254
1 3 12 22 29 38 39 49 61 71 73 75 80 85 87 93 96 118 130 137 140 141 153 155 162 167 170 171 182 184 185 192 204 221 224 227 231 232 234 243 244 246 249 255
0 23 59 65 72 89 91 110 125 127 135 142 143 149 152 167 178 182 193 202 212 215 218 226 247
0 20 23 24 35 37 39 51 53 54 55 59 62 67 72 88 92 97 113 123 140 143 144 147 166 169 170 171 172 173 174 178 182 183 186 191 192 209 210 211 212 223 225 228 244 245 247 249
32 65 87 93 99 101 104 126 128 133 148 176 211
8 11 16 23 25 31 33 35 36 39 49 51 52 53 58 62 64 70 75 90 91 103 104 106 107 111 114 115 116 123 124 125 127 129 136 137 142 147 150 151 156 157 160 164 166 167 171 172 177 178 179 185 186 190 191 196 209 210 211 213 223 230 232 233 235 236 237 240 242 244 254
0 8 9 11 14 23 27 37 38 46 49 56 63 67 71 81 87 90 91 96 100 102 108 110 112 119 122 129 138 146 147 156 161 163 168 183 186 198 200 202 209 217 223 225 233 235 241
6 15 36 38 46 56 57 74 78 83 86 97 100 106 110 129 132 154 163 173 175 180 198 199 207 221 227 237 238 249
11 43 109 166 219 243 251
9 11 70 78 79 83 105 128 129 132 158 159 168 187 218 226 250 251
7 8 11 15 16 19 22 28 30 34 35 38 39 40 42 46 56 60 66 71 74 86 91 105 109 111 114 115 127 129 131 137 139 143 148 167 168 171 174 178 183 186 190 191 194 201 202 206 207 208 210 213 217 222 224 225 229 233 236 237 242 247 252
2 11 22 28 32 35 36 41 43 51 58 60 64 70 82 85 91 97 104 111 118 119 121 122 128 129 131 133 138 140 151 154 156 157 159 165 166 168 180 181 189 197 198 199 200 201 202 214 216 217 221 224 226 227 230 233 234 242 244 245 248 249 255
2 7 13 17 20 21 23 28 59 74 80 83 84 86 87 90 98 101 109 113 115 119 121 122 126 129 138 144 146 148 152 154 158 159 177 185 189 197 199 208 219 222 225 226 227 248
11 90 91 93 131 184 211 219 225 234 238 245
7 10 12 13 24 29 31 33 35 36 41 43 44 49 53 56 57 62 63 64 68 71 73 76 78 79 93 95 100 102 103 104 106 108 112 119 121 128 130 131 140 142 144 146 152 153 158 161 169 172 173 174 176 178 179 180 181 182 184 189 193 199 200 203 206 208 209 211 213 216 218 222 225 234 242 243
5 6 12 21 22 25 30 31 37 38 44 46 55 63 65 77 98 109 118 134 141 143 145 147 155 156 162 164 168 170 180 200 211 212 214 218 220 228 233 247
5 43 47 84 114 127 167 168 170 192 206 223
1 5 8 12 13 14 17 18 22 27 28 32 38 46 50 57 66 67 70 74 76 87 94 95 99 104 108 110 114 116 119 122 123 127 131 132 133 134 135 136 138 141 148 150 157 158 160 164 165 169 175 176 177 178 181 185 187 188 192 203 204 206 212 223 225 226 227 229 241 243 247 251 252 254
0 24 53
2 4 11 13 15 18 21 23 30 38 40 42 44 46 48 54 55 57 61 68 71 73 75 82 84 88 91 96 104 107 111 113 118 123 125 126 128 134 136 137 141 144 145 150 151 155 161 163 165 168 172 179 180 194 196 197 199 203 205 208 210 214 221 234 235 239 240 241 249 253 254 255 256
2 9 12 14 24 29 32 33 38 40 43 46 68 79 80 83 98 101 104 106 114 127 157 160 172 179 182 188 203 213 233 234 247
0 15 17 29 34 38 58 59 81 83 85 97 100 104 121 132 143 147 154 160 167 174 185 209 210 212 218 220 221 223 226 230 242 251
29 54 67 69 77 100 101 106 121 135 157 163 166 213 216 218 224 229 233 242 254
1 4 15 19 20 22 24 28 35 37 50 52 54 59 62 64 70 73 75 84 87 96 97 99 103 104 106 110 114 115 118 121 122 130 153 157 162 172 174 175 179 184 188 190 197 198 209 214 217 223 229 234 236 239 242 247 248 249 251
9 11 17 18 43 46 48 55 64 68 69 74 75 80 83 96 101 114 116 128 133 146 147 148 153 158 164 188 191 214 234 236 250 251 256
62 69 78 81 124 128 146
2 3 5 7 17 25 26 37 41 44 51 52 55 59 65 68 97 106 107 108 109 121 142 149 150 151 164 166 174 175 184 186 188 202 204 207 208 210 215 216 224 233 243 248 251 253
1 10 12 13 18 21 23 25 29 34 37 39 44 52 53 60 62 63 69 74 82 87 88 89 90 96 98 103 116 120 130 133 137 138 153 160 162 166 172 175 179 180 182 185 189 201 202 204 205 208 209 210 212 217 222 228 230 231 236 245 250 253 254
7 11 13 14 16 21 23 35 46 55 68 76 87 93 94 96 99 104 107 108 112 119 123 124 131 146 149 150 157 166 167 172 179 184 189 193 197 203 212 215 217 219 221 249 256
8 33 60 71 78 88
1 3 14 16 35 48 54 64 68 69 76 89 96 98 111 112 117 121 124 128 130 133 136 142 152 154 164 179 187 194 198 200 218 232 236 239 240 242 255
0 3 4 8 13 16 20 24 26 29 31 32 34 36 37 41 47 52 54 56 62 67 69 73 75 79 84 89 90 93 94 97 99 100 103 115 117 118 127 137 138 146 148 150 157 159 160 176 178 180 181 182 187 192 200 202 206 212 218 222 226 233 234 240 241 244 249 251 256
1 8 12 23 24 27 31 35 36 37 42 48 50 53 89 102 107 120 122 124 127 128 130 135 141 145 146 148 150 169 172 174 180 183 185 190 193 212 213 215 217 219 221 241 245 249
16 21 24 39 42 43 47 52 59 72 74 76 82 88 89 101 110 113 134 139 157 158 164 169 192 205 216 223 227 241 242 246 247 252 254 256
9 10 22 65 74 96 99 105 113 124 134 138 144 147 154 160 172 198 202 205 209 216 250
1 3 5 16 25 34 36 39 42 47 48 59 62 63 66 70 75 77 87 89 91 101 103 115 148 149 159 160 163 165 171 172 174 192 194 199 202 209 210 215 217 233 235 244 245 248 249 250 254 256
23 31 33 35 48 51 69 83 84 91 97 101 121 140 142 153 205 208 231 241 244 249
0 17 21 27 36 40 45 46 53 71 88 91 99 114 120 126 129 132 139 143 147 151 159 176 182 195 207 216 223 234 243 250
6 25 38 42 79 104 112 132 140 188 203 224 230 231 234
0 2 6 9 20 22 24 30 31 33 36 41 44 56 59 61 66 68 69 77 79 94 99 105 108 110 111 123 127 129 143 153 157 166 171 176 177 178 208 212 215 231 242 246 248 251 252
2 5 8 20 21 27 40 46 47 48 49 53 65 92 93 94 97 101 114 118 119 120 122 136 138 156 162 163 165 178 182 186 190 196 199 224 227 231 236 237 248 249 250 255
2 5 7 9 14 15 20 29 32 37 38 41 42 45 48 52 54 55 61 64 65 69 70 71 72 73 80 84 89 94 101 108 114 116 120 130 134 137 140 147 151 152 153 155 160 165 167 173 174 179 186 188 189 190 194 200 206 207 208 209 220 222 223 228 233 234 242 244 248 251 256
4 16 20 37 38 41 45 46 64 71 81 104 119 120 125 136 142 146 152 168 175 178 192 198 215 226 230 231 244 246 256
3 10 20 28 30 31 32 43 49 50 58 61 64 70 72 74 77 79 87 93 94 99 101 102 105 106 107 109 110 119 132 137 140 141 142 144 153 158 159 161 176 180 181 182 184 185 188 189 196 198 200 204 208 209 214 218 227 232 238 241 242 244 252 256
53 93 111 114 141 147 151 161 166 172 218 225 235
17 21 26 27 30 34 39 44 46 47 51 66 68 72 74 89 92 94 95 100 104 105 107 109 111 117 119 124 126 130 136 138 147 148 151 152 154 156 160 165 169 173 174 175 184 187 192 194 195 200 204 209 213 215 216 218 219 221 223 225 226 237 242 245 246 248 253

19 35 38 41 58 91 96 125 128 133 144 149 182 199 211 217
1 5 11 12 23 24 31 60 84 89 103 106 124 125 140 144 145 148 159 161 170 179 192 195 219 222 224 227 229 233 240 249 250
2 10 11 20 27 37 47 55 57 58 59 78 87 110 124 129 146 148 151 152 167 170 171 172 190 194 196 203 219 223 235 239 240 246 249 253
0 35 45 137 166 169 239
1 17 21 22 23 25 28 29 34 36 40 41 47 48 50 52 57 58 62 64 72 77 78 85 89 91 105 106 108 110 111 114 117 119 121 127 133 136 143 146 156 157 161 169 170 175 178 179 180 184 186 190 191 192 194 195 197 200 208 209 218 223 232 236 237 239 243 246 253
2 13 18 21 23 28 39 40 47 49 53 54 61 64 82 89 94 98 114 124 125 128 133 139 140 144 145 150 154 164 171 178 194 201 203 206 211 214 222 232 234 237 242 245 246 249 251 255
3 10 12 17 20 21 23 24 27 28 34 36 42 43 48 57 60 65 67 72 79 81 91 93 95 99 106 115 119 123 127 129 141 143 148 150 152 153 154 171 172 174 185 188 196 201 206 218 219 222 228 233 241 246 247 252 254 256
13 23 28 29 65 87 109 139 149 152 166 178 202 203 214 223
0 3 9 12 15 19 21 33 35 47 50 64 66 70 71 76 79 86 108 112 113 118 125 126 128 132 133 140 142 152 163 165 167 173 176 196 197 215 221 228 229 233 244 250 251 253
0 5 16 18 21 25 27 29 30 42 46 47 52 56 61 63 67 69 71 72 75 79 81 82 88 90 96 99 103 105 109 111 118 120 134 137 141 146 148 154 156 158 168 175 182 183 185 186 188 192 194 196 201 207 208 209 210 224 225 226 227 228 229 231 235 237 239 240 242 243 250 251
2
1 7 8 13 16 18 21 29 32 41 47 59 62 65 67 76 83 85 86 88 92 94 103 106 109 114 123 131 141 144 146 149 166 169 170 177 183 184 189 201 206 207 208 214 220 230 233 234 235 243 250 252
4 6 7 8 12 13 28 35 56 75 93 96 103 107 112 136 176 178 183 201 213 218 226 236 248
4 7 9 12 15 22 27 28 29 34 40 46 50 52 53 56 59 65 68 76 78 79 81 89 93 96 98 103 110 115 116 117 121 122 127 129 130 133 136 143 144 149 151 161 167 169 172 177 185 187 189 191 192 194 196 198 201 204 206 212 213 219 221 222 227 229 236 243 244 245 251 253 255
