1 63 107 120 162 173 185 231 241 246 259 274 277 293 305
11 19 27 32 37 38 40 44 65 74 81 102 104 114 133 134 135 137 151 154 160 180 183 197 209 210 215 236 240 243 252 255 280 285 293 315
0 6 10 11 14 19 25 26 29 30 52 53 56 65 68 70 75 79 84 89 96 97 99 110 116 131 133 143 149 150 158 159 169 173 184 194 198 200 203 209 210 211 213 215 217 219 224 234 239 248 249 255 256 257 261 263 266 268 269 278 279 289 292 300 301 303 309 310 311 312
4 39 59 60 74 89 109 116 133 135 151 155 156 167 203 245 246 282 312
8 9 20 21 23 27 29 30 35 43 45 49 50 61 62 68 69 73 75 76 78 79 82 87 100 102 104 107 117 122 130 131 132 133 134 136 142 144 147 153 159 161 166 167 169 176 183 191 195 218 220 222 228 235 236 237 239 241 246 249 255 259 260 261 268 273 274 276 277 279 283 288 290 291 292 293 294 296 299 302 304 307 308 309 312 313 314 316
11 14 20 65 67 71 79 81 90 93 108 126 130 132 144 145 147 149 156 157 199 218 232 237 247 253 255 275 278 294 300
3 16 24 28 29 38 44 52 53 54 59 64 69 71 83 96 100 113 115 123 127 134 135 138 148 150 152 157 166 169 170 172 176 178 185 188 189 193 196 198 200 201 212 222 224 235 236 240 241 242 243 262 263 264 266 267 270 271 281 293 295 300 304 309 315
2 3 6 10 12 15 18 23 30 31 38 53 63 64 73 82 83 84 92 94 97 100 106 111 133 138 144 148 152 161 164 175 177 187 209 215 218 229 233 239 247 267 274 280 300 311 312 313 314
17 45 71 85 102 128 144 247
217 270
7 10 21 23 24 27 39 42 45 50 64 66 69 73 74 75 79 83 86 88 95 98 100 101 108 111 112 121 123 126 130 131 133 135 138 139 143 146 150 154 155 161 178 179 186 189 191 206 207 225 227 232 233 234 237 240 242 243 246 248 250 255 265 270 271 281 285 291 299 301 303 310 312 316
3 10 18 24 25 34 68 71 75 77 98 107 115 153 161 166 171 173 180 200 201 209 224 231 252 253 257 265 270 271 280 285 287 301 307 313
17 25 31 34 35 39 41 48 54 56 59 65 66 70 82 86 103 105 112 115 116 117 118 123 125 126 127 141 143 147 152 154 155 164 166 167 168 179 185 188 190 192 201 206 209 212 213 215 218 221 222 226 230 231 246 247 250 254 257 262 264 266 268 285 287 290 297 299 304 306 309
142
2 16 19 31 46 47 50 55 56 91 121 122 146 148 166 169 190 192 193 219 226 237 256 264 283 308 309 313
2 25 26 30 38 48 49 50 84 121 122 148 169 171 196 199 220 233 256 261 262 268 276 280 290 294 311 313
104 141 292 306 313
7 8 11 15 16 18 21 27 28 29 33 40 43 44 47 48 49 53 56 58 59 61 62 67 68 69 74 77 78 81 87 95 98 99 100 102 106 112 115 116 124 127 136 140 147 156 160 161 169 172 173 174 179 183 184 187 189 194 195 198 200 201 209 210 217 224 226 227 232 233 237 239 243 245 247 259 266 269 270 271 283 288 291 292 293 308 309 310
16 21 35 52 56 69 72 85 124 129 130 131 133 134 141 159 160 172 182 184 185 189 194 195 196 213 216 233 247 259 270 276 286 298 305 312
26 52 57 70 97 103 106 114 116 118 128 130 146 153 166 171 176 183 200 203 208 232 236 300
1 12 15 23 24 25 27 53 66 69 72 83 89 97 99 104 126 136 142 168 170 172 173 175 191 196 215 226 233 245 248 253 255 257 261 276 281 307 310 313
2 7 15 21 32 39 41 42 50 52 67 69 72 76 88 89 90 96 98 103 104 105 107 118 128 141 142 149 150 154 157 159 161 162 168 169 176 177 183 190 199 201 204 212 215 217 219 221 223 239 242 253 264 267 273 274 289 291 294 296 299 304 312
0 2 5 7 11 17 20 22 24 28 30 42 46 47 49 54 59 60 64 70 81 83 86 88 89 93 96 97 98 99 100 102 103 105 107 110 113 114 125 135 137 141 142 143 157 159 160 161 163 167 171 172 175 178 184 188 194 196 197 200 208 209 211 214 215 218 225 227 228 229 231 232 234 238 243 245 246 248 249 253 257 266 269 275 279 282 284 297 299 307 314 315
6 8 12 15 16 20 31 37 39 42 44 45 49 50 51 58 59 61 62 70 75 79 88 89 101 104 105 109 114 126 129 131 136 141 147 149 153 155 156 160 169 170 185 191 194 195 196 199 200 205 210 212 220 227 231 240 241 258 260 263 264 267 268 271 274 278 279 286 292 297 311 313 314
16 19 27 44 47 86 95 102 126 150 183 184 193 197 215 226 253 269 271 273 287
5 8 19 24 40 83 91 95 96 109 110 142 147 191 210 218 226 238 239 262 263 266 275 279 284 287 290 306 316
1 3 4 7 11 12 13 16 17 19 21 24 27 43 48 62 65 69 83 92 94 99 100 101 102 103 105 110 116 123 125 129 135 136 137 139 144 145 147 151 155 172 177 178 186 191 194 201 205 206 214 237 239 246 251 253 261 262 268 279 287 296 299 300 309 316
6 7 9 18 19 25 26 29 31 38 41 43 46 47 48 49 55 57 59 73 77 79 83 103 108 113 116 117 120 125 128 134 139 140 146 147 156 163 167 172 177 182 184 190 193 203 209 210 211 219 221 226 227 231 232 233 238 241 242 243 246 250 252 254 255 257 259 269 271 277 280 283 285 293 303 306 307 314 315 316
5 6 17 21 23 24 28 33 43 45 46 52 53 57 62 66 68 92 93 99 102 103 105 106 108 111 124 126 143 148 150 158 159 163 165 173 176 177 187 191 194 212 214 218 221 226 229 243 245 256 259 260 262 263 268 269 272 279 286 301 304 306 311 314
2 6 14 35 69 103 111 112 118 125 132 134 136 139 160 173 175 186 230 240 243 247 249 253 255 257 265 270 306 307
6 9 13 17 30 31 35 36 42 44 46 48 53 55 58 62 65 66 67 72 83 90 94 98 101 104 105 108 110 111 126 130 131 132 137 145 146 148 149 151 154 158 159 161 164 165 170 172 174 186 188 189 192 208 213 216 223 225 226 232 233 239 245 250 252 254 255 257 258 270 271 273 276 285 291 292 299 300 305 306 307 309 311 315 316
22 46 52 73 77 83 90 94 113 119 124 136 141 147 159 160 164 168 172 177 180 182 190 205 209 217 225 231 242 250 272 278 283 291
