2 3 9 10 12 13 19 20 24 25 30 31 32 44 49 50 53 64 67 71 75 80 82 90 91 99 103 108 112 116 117 118 120 124 125 132
1 16 19 20 27 32 51 57 58 59 64 77 85 89 90 96 103 104 109 110 112 116 119 120 130 131
1
0 1 3 5 6 7 9 10 23 29 32 33 34 41 42 45 50 53 56 58 63 65 66 68 70 77 79 82 89 91 92 103 105 107 113 121 125 129 131
4 5 8 10 12 16 31 40 44 45 49 53 77 80 82 83 89 92 96 97 98 101 103 109 110 112 117 121 123 131
6 17 33 69 80 114 116 126 128 133
4 6 7 9 11 16 21 29 30 35 40 51 56 61 64 69 71 78 88 90 93 99 104 105 108 113 122 124 132
2 5 6 7 8 9 10 13 19 25 26 33 45 48 49 52 56 57 66 69 71 74 84 87 88 92 100 102 104 106 110
2 16 19 52 57 112 115 122
0 5 6 7 10 12 15 23 36 39 40 45 47 48 49 50 63 64 71 79 83 87 89 90 96 97 98 100 103 104 107 113 114 115 117 119 127
12 14 17 32 37 40 64 78 82 96 100 116 122 123 131
41 62 68 76 83 93 94 97 104 117
21 24 26 28 32 41 43 56 57 60 61 64 68 69 70 76 77 81 98 106 117 120 122 125 127 132 133
0 8 12 15 20 35 43 49 57 58 59 65 77 79 81 83 87 94 96 107 108 112 115 134
3 12 15 20 25 27 28 30 35 41 45 46 56 63 64 69 76 86 94 95 100 106 107 108 110 115 117 120 131
0 12 13 28 34 35 37 40 41 50 58 59 61 67 69 72 76 84 88 89 90 91 92 93 94 95 101 104 109 118 129 130 131 134
2 3 4 6 11 12 16 23 25 30 39 42 45 48 64 65 67 70 85 91 95 99 100 118 124 128
12 60 71 73 81 89 95
4 16 20 49 51 63 69 79 81 92 103 105 120 132
11
4 7 9 10 11 12 14 17 21 31 33 34 38 45 49 53 58 61 71 75 76 79 81 91 100 105 113 121 122 123 129 132
24 35 41 47 60 62 65 84 86
4 9 12 14 22 24 28 35 40 42 50 52 61 65 68 69 74 82 85 95 104 108 111 112 116 119 120 121 127 131 134
8 13 18 19 20 24 25 28 32 33 47 48 56 57 61 65 66 68 69 72 73 74 85 91 93 96 99 106 109 110 111 117 119 121 128 134
8 21 24 29 31 36 37 42 46 49 58 73 78 81 83 101 112
0 3 11 22 27 29 32 39 40 41 44 47 48 51 53 55 57 60 72 80 83 89 93 101 102 120 123 127 133
0 10 12 13 16 18 22 36 42 62 81 82 85 94 95 101 126
13 15 18 20 24 32 33 34 37 39 42 51 54 56 58 59 63 69 71 77 79 80 87 94 96 98 108 110 112 114 115 119 125 128 132
2 5 7 36 40 59 63 68 79 94 99 106 115 134
9 15 16 18 19 20 21 24 40 44 45 46 48 61 64 66 70 75 77 81 87 88 91 97 106 112 114 125 129 131 133 134
8 11 35 41 42 43 47 72 79 86 96 116 120 123 126 129
2 3 6 7 8 9 13 14 18 19 24 28 34 36 40 50 55 56 58 67 68 73 75 79 82 91 95 96 97 106 108 110 115 121 124 128 129 132
8 20 22 25 32 34 37 38 41 42 48 58 65 67 68 71 75 79 84 87 90 101 116 120 125 128 131 134
2 19 40 47 52 72 75 77 85 102 117 131
0 1 8 10 14 32 35 39 41 45 47 49 52 60 73 77 82 87 89 94 104 106 115 117 119 121 123 124 126 127 129 133
1 9 13 23 25 27 34 37 38 43 45 47 52 53 74 78 80 84 87 88 93 96 110 114 118 124 128 134
8 14 15 20 21 30 32 39 40 55 58 59 74 75 76 81 82 89 90 98 100 107 110 113 118 119 120 121 128 129
6 11 13 15 26 28 30 35 37 41 45 62 64 68 71 72 92 94 101 105 106 108 110 123 126 134
2 8 14 26 30 64 77 80 83 87 122 128 130
1 2 5 41 69 121
2 5 7 9 11 17 18 27 29 30 31 40 45 46 48 50 51 66 68 73 75 80 81 86 89 92 93 100 101 103 104 105 106 107 109 113 127 132 134
11 12 13 36 38 39 40 47 51 56 61 63 65 82 103 108 109 120 121 124
1 6 19 32 35 52 53 57 86 88 95 100 108 127
1 7 8 19 56 59 61 62 63 64 65 68 86 97 99 105 113 127 130
1 9 16 18 22 28 29 45 46 50 52 68 75 76 77 78 84 92 101 104 107 108 128
4 22 25 30 34 37 43 49 62 78 79 82 106 113 116 118 119
3 4 7 10 21 22 25 37 39 41 55 75 77 78 80 86 87 96 97 100 105 110 118 121 122 123 126 130
8 23 34 35 54 61 82 101 106 120 128 130 134
0 10 17 39 51 59 75 86 95 96 98 124 131
2 10 11 15 16 18 21 22 31 33 40 58 74 75 84 85 92 96 102 103 107 108 109 119 128
1 3 5 13 17 24 25 28 30 36 37 44 45 46 47 53 54 60 64 70 71 81 89 90 91 94 95 100 101 112 114 118 121 125 126 129 132
0 5 6 9 12 32 48 55 57 61 64 86 96 105 112 118 122 126
37 85 87 89 120 122
15 29 31 38 51 57 59 60 69 73 83 90 98
12 61 66 67
8 21 22 26 29 30 41 49 50 52 55 56 59 60 67 70 78 82 91 92 93 111 114
1 5 15 22 23 25 28 31 33 36 37 44 45 56 60 62 64 71 72 79 85 86 89 102 105 107 114 116 117 118 125 129 131
8 25 33 36 41 45 48 51 54 61 62 69 75 86 91 115 130
3 5 8 11 14 19 23 31 41 46 51 52 54 56 58 73 75 77 82 83 84 85 91 95 101 102 103 109 110 111 113 115 119 126 132 134
16 23 41 53 56 62 69 71 74 82 85 86 89 95 98 109 117 120 130
9 16 33 34 36 80 97 99 100 122
3 10 11 21 55 67 76 80 83 88 90 100 111 125 128
27 47
7 10 16 18 24 25 26 30 33 42 69 71 79 85 87 92 93 98 100 102 107 118 126 130 133 134
0 2 5 9 14 22 35 37 38 40 82 95 103 104 105 107 111 116
10 13 23 27 30 34 46 72 74 75 84 89 94 96 102 107 113 128 129
8 17 27 28 29 34 35 42 56 62 69 70 78 83 85 86 101 107 110 112 120 121 124 132
13 17 19 21 22 43 48 55 57 60 65 69 72 74 76 81 84 92 97 99 105 110 111 113 125 126 131
6 10 11 18 30 32 46 56 60 61 62 70 91 95 102 104 109 110 113 122 127 131 132
1 27 29 52 57 66 68 77 84 87 100 107 122

17 26 57 84 93 109 125 129
0 12 14 20 21 25 28 33 45 46 49 56 60 69 71 72 74 75 88 100 102 112 115 119 132 134
14 34 36 86 90
2 3 7 15 17 23 25 27 29 31 36 38 40 42 45 48 50 52 54 56 74 76 81 84 86 90 95 103 104 105 106 107 109 114 115 118 122 132
6 7 9 19 20 25 26 37 40 49 51 55 56 61 62 72 77 87 92 96 98 99 105 107 110 111 113
0 6 8 30 32 34 35 37 40 50 51 55 65 70 80 83 93 95 96 98 100 105 107 109 127
9 12 14 17 21 22 25 27 28 38 40 44 49 51 54 55 60 62 64 72 75 85 88 92 98 102 103 106 107 108 112 118 119 123 124 128 129
4 5 13 15 16 17 20 21 23 26 29 32 35 36 37 43 46 49 50 67 73 77 80 82 88 96 97 101 104 105 108 112 116 120 124 129 133 134
8 43 102 118
2 8 11 24 25 77 102 114
7 8 10 15 16 19 22 37 44 50 58 61 64 66 71 79 83 89 94 96 103 104 105 111 118 120 121
13 17 21 27 28 30 36 38 39 46 47 51 53 55 62 66 75 77 79 80 81 87 91 95 103 106 111 112 116 122 125 130 132 134
10 38 49 51 53 60 71 102 118
5 19 21 27 33 63 71 73 75 78 84 88 101 104
2 10 11 16 17 39 42 54 66 79 94 121 125
0 6 7 9 19 20 34 39 42 43 46 56 62 68 74 82 86 88 89 90 91 93 94 96 108 113 118 127 132 134
4 6 8 10 16 20 23 25 26 38 41 47 50 56 60 66 69 72 73 74 81 83 85 87 88 89 93 101 103 110 112 115 120 129 132
3 12 17 20 24 25 27 34 35 40 44 46 51 54 58 59 60 74 79 80 92 93 112 113 125 130
30 34 37 39 49 63 76 99 105 116 121
2 3 7 15 18 20 29 31 35 37 45 53 56 63 64 67 70 80 86 91 92 93 94 106 109 110 116 132
1 2 11 21 24 26 27 33 35 40 43 50 55 58 61 72 74 80 83 84 96 98 107 112 113 116 123 129
2 3 7 16 19 30 33 35 36 43 57 61 64 74 76 84 88 90 102 105 109 115 118 127
2 4 5 9 12 19 27 37 39 40 41 46 51 65 72 75 84 87 88 91 93 94 95 96 98 99 101 105 109 114 116 119 120 121 122 124 133
5 8 10 11 16 20 25 26 28 29 32 33 34 36 41 45 48 62 74 84 86 88 95 100 101 102 105 108 112 123 124 128
1 3 7 10 11 16 28 29 42 43 58 60 64 66 68 72 78 85 87 90 92 97 102 108 109 120 125 128 132 134
0 2 12 26 28 36 38 39 63 84 85 89 90 109 110 113 117 122 132
20 21 27 39 49 68 72 77 116 131
1 2 4 9 22 25 29 30 37 38 43 46 55 61 66 68 71 86 92 97 99 104 105 109 110 119 123 126 133 134
12 39 44 70 80 94 98 102 108 114 123
1 2 4 27 35 44 54 55 57 60 62 93 98 105 122 123 125
6 7 8 13 14 22 23 29 48 57 58 67 81 83 84 87 91 102 105 110 114 121 123 130 133
8 14 42 49 81 95 116 118 119 126
7 8 9 11 12 19 26 28 30 35 41 42 55 63 74 78 97 101 108 113 120 132
4 7 13 38 41 46 65 66 87 103 130 132
23 40 44 59 71 86 111 129
1 8 11 14 30 34 44 47 51 52 61 104 106 107 112 114 120 126 128 129 133
8 21 27 47 50 72 100 114
0 3 5 7 16 25 26 28 35 36 48 57 74 76 80 81 85 87 89 93 97 100 103 104 105 107 127 132 133
5 11 13 14 19 29 33 40 47 59 63 95 97 99 105 122 129
2 5 8 10 16 18 19 22 25 30 31 33 34 38 40 42 44 45 49 51 52 55 60 69 70 78 85 86 87 92 94 103 104 113 115 116 117 132
2 4 12 37 40 45 51 55 56 57 65 84 96 111 121 126
9 17 61 123
12 15 19 21 31 35 44 48 49 55 56 78 95 96 100 101 122 126 130 131
5 11 31 34 35 45 56 75 80 100 109 125
2 3 5 6 7 8 9 12 14 23 25 29 32 33 35 46 48 57 76 77 86 100 101 107 112 119 120 125 128
2 7 8 9 14 16 17 18 21 22 23 28 29 32 35 37 45 46 56 67 69 70 74 78 85 97 115 116 117
2 4 24 26 27 73 77 87 96 104 114
5 25 83 106
1 13 14 23 30 33 38 44 47 50 56 57 59 60 61 67 71 82 95 101 103 104 105 106 107 115 121 127
0 1 5 6 12 16 19 23 26 28 32 47 52 55 57 63 75 79 89 91 92 105 106 116 123 131
7
0 17 19 29 31 37 40 48 55 56 59 60 71 72 84 87 91 93 103 109 110 117 120 123 129 131
0 11 29 33 51 56 66 68 75 85 96 99 109 113 115 119 133
5 6 11 12 23 24 38 45 61 62 66 78 79 80 83 90 107 109 123
3 10 54 121
1 5 11 12 15 28 34 44 45 47 48 54 55 58 61 67 70 71 77 80 84 86 87 89 93 99 100 104 107 111 113 115 119 121 129
0 6 14 57 72 78 105 106 124
1 18 19 28 32 33 52 68 74 76 90 99 121 125 128
1 7 31 44 45 71 88 92 97 111 128 131
0 6 7 24 27 28 40 41 51 53 77 87 91 95 100 106 118 120
8 15 20 35 38 43 46 54 56 57 75 84 85 87 89 94 95 96 100 101 102 106 109 114 117 119 120 125 126 128

1 5 9 13 16 17 23 28 37 39 43 49 50 68 72 73 75 78 79 81 82 87 91 99 102 105 111 115
4 17 28 40 46 55 56 58 64 74 78 86 92 93 98 104 113 114 116 120 128
0 3 7 10 15 18 36 49 50 57 58 68 72 79 92 94 95 98 99 107 108 109 110 113 116 122
13 24 42 52 66 67 71 75 78 102 108 110 112 113 118 120 123
6 10 17 18 19 20 23 26 31 34 36 42 43 44 48 53 60 63 66 69 73 74 76 96 101 113 114 119 123 127 133
2 4 15 19 30 38 50 51 78 80 86 108 109 119 121 129
1 26 68 90 92 122
4 8 9 11 13 14 16 22 27 38 39 50 51 60 66 69 75 79 82 86 90 91 93 98 101 102 103 112 126 129 131
6 9 16 20 24 34 39 43 46 53 58 60 61 68 97 99 100 113 114 125 134
10 16 22 29 42 47 53 62 79 88 91 99 105 109 124 128 129
19 20 24 25 38 57 62 64 68 69 72 77 81 83 86 87 88 98 100 105 106 108 110 123 124 126 134
8 10 12 16 17 24 26 31 33 34 36 47 50 59 72 75 81 82 83 84 87 88 94 95 103 108 109 112 113 115 117 127 129 130 131 133 134
1 2 9 11 12 13 16 22 29 30 34 35 44 56 68 69 70 73 74 76 80 90 93 95 103 111 116 122 127 131 132
7 15 20 28 29 53 55 56 60 69 88 108
12 32 39 47 68 78 86 120 127
0 6 8 10 13 23 24 26 29 30 37 40 47 50 53 54 57 59 62 67 82 99 100 102 106 113 121 122
1 3 5 6 17 33 36 37 74 82 84 85 90 104 115 124 128 129
11 13 20 25 29 40 41 62 77 86 92 99 101 119 125 127 134
6 10 18 19 33 38 43 46 49 64 74 75 80 102 109
1 2 10 17 23 30 31 50 56 66 78 86 90 91 96 127 130 132 134
2 4 6 12 16 40 56 57 58 61 62 68 72 78 81 84 92 93 97 99 118 126 133
3 8 11 15 20 23 25 29 36 46 50 52 53 68 73 78 80 81 85 87 88 91 95 96 99 100 102 106 109 113 114 120
4 10 12 17 24 26 31 32 36 37 43 46 48 52 53 55 60 73 90 91 93 94 100 104 112 123 128 130 133 134
13 40 48 69 83 116
5 14 15 19 23 29 30 32 33 35 40 43 45 50 53 60 63 65 66 71 72 74 81 88 89 90 93 94 103 104 106 107 113 115 126 129 132 133
3 6 7 12 13 17 23 26 27 43 52 53 64 68 69 77 79 86 89 90 93 102 108 110 111 112 117 118 119 122 123 126 128 129 131 134
18 36 41 58 61 82 85 127
4 8 15 16 23 34 40 41 47 49 54 59 72 85 92 94 96 97 112 116 123 128 131
1 3 15 66 68 105 118 128 131
20 29 32 50 99 106 123 124 126
4 6 8 10 14 15 16 20 22 23 24 27 34 35 40 50 53 58 60 64 66 71 74 78 83 87 95 97 99 100 103 106 107 113 120 128 131 134
3 7 12 15 18 22 26 29 41 42 45 50 55 58 62 81 86 95 96 97 106 111 115 126 131 133
1 14 16 28 32 40 50 52 56 65 68 75 80 85 88 92 101 110 111 123 124 125
2 4 5 6 8 22 34 36 38 39 40 48 59 60 69 79 87 89 100 102 107 109 110 113 122 132
9 24 114
4 13 20 44 66 83 88
5 6 12 13 28 33 36 37 39 49 56 60 62 66 71 77 78 86 88 108 132
4 5 17 19 21 27 40 49 51 60 64 65 73 75 76 84 85 86 90 99 103 107 108 111 113 115 116 122 124 127 129 132
1 12 40 41 42 43 48 52 57 62 63 66 73 81 82 87 92 102 104 107 111 127 133 134
1 6 7 9 45 74 95 97
6 13 20 27 40 42 50 53 55 66 71 79 87 93 99 100 104 118 123
2 3 9 20 22 24 27 33 37 51 64 68 74 77 81 88 89 96 101 113 117 118 121 122 124 131
1 5 15 35 37 43 46 47 48 57 59 61 68 76 78 95 97 98 105 119 121 131 133
3 7 8 13 23 24 25 28 33 41 43 44 45 47 51 67 69 70 73 76 78 79 80 82 84 92 95 100 103 110 111 115 116 117 120 128 133
4 13 19 20 22 34 35 39 40 47 50 53 56 57 62 66 73 78 82 83 86 92 93 114 118 120 123 128 129 130 134
0 3 7 11 16 20 21 25 30 38 45 46 49 57 61 65 74 80 92 103 104 108 110 115 116 120 123 126 128
0 3 7 8 22 24 30 31 39 46 53 57 75 78 79 80 83 87 93 97 106 107 110 116 118 128 130
0 1 8 16 17 21 22 23 25 30 35 36 39 41 42 44 45 47 65 70 73 79 83 92 93 95 96 97 98 113 115 122 123 126 128 129 130
30 49 55 65 87 94
1 3 5 9 13 16 24 25 34 36 37 46 48 49 50 51 52 54 60 63 67 74 77 80 82 93 97 99 102 105 106 109 110 111 112 116 119 129 132
18 19 32 47 63 66 75 81 82 84 89 94 97 99 124 125
1 4 19 23 34 55 68 83 88 92 99 103 118 123 124
0 33 61 73 76 93 112
7 20 24 45 55 56 60 63 75 82 86 100 114 128
17 21 32 36 38 76 79 104 108 113 125 129 131
0 13 21 29 31 32 34 37 38 41 43 44 46 50 53 56 58 69 75 84 87 90 91 93 96 97 114 116 126 132
3 9 12 14 28 36 52 53 58 66 73 79 92 97 98 99 109 110 111 125 130 131
0 73 111
5 8 13 15 34 40 43 50 61 64 67 73 75 89 96 100 104 114 116 128
0 1 13 23 29 40 41 42 45 49 53 68 76 81 86 87 97 98 107 112 119 127 128
3 5 9 23 26 53 80 93 120
112 133
2 4 7 11 14 23 25 28 35 37 38 50 58 73 82 89 96 99 106 108 115 117 119 121 134
31 35 36 56 68 103 105 109 119
1 9 11 27 29 34 82 90 108 115 125 128
26 32 37 52 55 63 70 94 95 96 109 115
1 3 4 5 11 12 17 18 32 40 50 51 57 60 66 71 74 81 92 93 95 99 101 102 106 109 110 112 114 115 127 132 134
0 1 7 8 12 14 15 18 22 31 36 39 43 45 47 50 52 53 54 60 62 63 66 70 71 74 83 85 92 96 104 107 110 116 118 126 127 128 129 134
15 18 23 25 37 43 45 51 52 57 63 72 75 78 83 102 109 113 122 133
18 57
1 2 6 9 20 23 69 78 82 88
1 5 6 13 28 31 35 43 50 53 61 67 69 70 72 73 78 82 89 91 97 101 106 107 108 112 116 123 129
9 26 46 88 101 113 129
8 10 13 21 25 29 32 37 42 52 60 61 70 74 79 84 88 89 90 106 117 118 121
0 3 12 16 18 20 23 30 31 43 47 48 65 68 83 118 120 126 131
33 45 52
12 25 48 58 66 73 75 92 102 103 106 113 117 119 120 126 132
0 5 6 15 19 23 26 27 30 31 41 49 60 68 70 75 76 77 82 83 87 89 90 94 99 101 107 110 112 114 115 116 118 119 120 126 127
2 6 26 29 32 45 59 71 88 114 116 131
2 31 32 33 42 47 50 54 56 66 85 87 89 98 102 113 122 123
1 2 5 13 15 33 50 54 67 71 87 90 110 113 122 124 129 133
0 16 22 37 40 47 49 50 55 59 61 69 78 82 84 86 90 125
7 23 24 34 35 36 37 38 43 53 60 61 62 63 66 73 98 101 105 116 117 123
16 38 50 60 62 71 89 98 99 101 107 113 122 123 127
50 68 99 106 116 124
8 16 18 27 28 36 53 56 57 58 64 65 67 69 84 85 87 107 109 111 115 116 132 133 134
7 9 10 11 24 28 29 35 36 39 43 46 51 53 54 55 59 63 64 66 68 75 78 82 83 88 91 95 99 107 108 111 114 116 118 122 128
3 4 5 8 14 21 23 24 28 29 35 36 41 51 54 72 77 81 91 95 97 98 111 113 117 124 125 134
0 16 31 41 42 54 64 94 103 109 110 112 120
23 29 33 43 79 82 87 88 94 100 105 112 124
4 6 11 17 18 30 45 46 51 56 61 63 71 75 91 95 100 106 108 117 121 123 124 125 131 132
1 2 4 14 21 28 32 36 44 46 51 58 69 75 82 85 90 91 92 93 96 101 108 121 126 127 130
0 6 18 22 23 26 27 34 39 42 43 45 47 55 59 71 72 74 83 86 94 95 96 100 105 108 118 126 129 130 134
2 3 9 14 23 30 31 40 44 54 66 69 73 79 82 85 86 89 90 91 97 102 105 106 110 111 118 125
1 2 4 10 11 21 27 32 33 36 43 45 51 53 55 58 59 63 65 75 79 84 85 100 103 108 111 114 116 120 124 125 133
1 11 18 22 39 41 48 52 54 67 68 72 81 95 114 117 121 122 123 124 128 129 133
9 12 28 34 42 43 45 47 55 58 59 66 70 73 75 76 77 78 80 96 101 107 111 115 120 121 129 131
3 8 9 11 15 16 17 21 29 30 36 39 40 41 43 45 47 59 60 61 62 74 82 83 84 87 88 92 94 103 106 107 121 125 132
0 22 28 30 49 54 56 58 67 81 84 90 98 99 124 130 133
10 11 17 32 35 39 56 58 68 84 112 118 122 126
4 18 41 64 69 88 104 110 111 114 130
5 11 16 20 26 42 53 62 67 89 91 93 97 108 111 119 123 124 127
1 7 9 23 24 27 40 41 43 44 47 50 51 52 58 63 69 76 78 96 97 101 102 110 111 117 127 131 134
3 4 8 11 13 19 22 27 30 40 41 44 49 53 54 55 56 58 63 65 72 74 76 77 81 82 85 88 94 99 101 106 107 111 114 117 118 124 133
98 130
3 9 10 11 17 19 20 24 30 35 40 42 43 45 46 48 65 66 67 69 75 76 80 81 89 102 105 113 114 116
0 9 13 14 16 18 22 23 24 28 31 34 35 36 43 53 61 69 78 93 94 97 99 100 102 106 110 112 113 114 120 123 125 128 132
1 5 7 8 11 12 14 19 20 21 26 27 32 34 38 44 48 49 50 51 53 56 59 61 70 73 77 79 88 96 97 98 103 112 115 116 119 128 129 134
9 38 39 53 54 58 67 74 87 98 107 126
9 18 24 26 32 36 43 46 52 60 70 102
7 45 49 68 73 74 83 101
0 18 21 22 28 31 37 41 43 46 50 52 55 57 58 61 75 80 84 85 90 91 96 97 99 104 106 111 124 125
2 6 10 15 19 24 25 31 33 38 39 42 43 44 59 60 62 65 72 73 81 83 85 93 96 103 104 110 114 118 122 124

20 88
3 8 27 29 33 48 53 55 59 65 70 75 80 82 91 96 107 110 121 129
0 55 82 83
126
2 9 11 12 14 17 19 21 25 29 37 38 41 43 52 55 56 60 64 66 87 95 96 98 113 130
2 7 9 11 12 16 21 23 27 30 34 37 46 48 53 54 56 57 66 70 73 74 77 79 80 81 85 92 106 111 112 113 119 122 125 128
3 9 12 14 30 40 43 53 58 63 64 71 86 91 92 93 97 105 106 108 116 119 121 130 131 132
4 7 12 13 14 16 18 21 24 26 27 33 37 38 42 45 59 62 65 68 73 75 80 82 83 87 90 98 99 100 104 112 113 117 127 130 133
5 37 49 78 105 118
4 5 9 19 24 25 27 33 40 64 82 88 105 126
2 4 8 12 13 17 21 29 30 36 37 38 39 42 45 46 51 52 56 59 62 63 64 69 76 89 94 95 96 98 104 106 108 110 118 119 131 133
23 37 56 72 82 98 101 103 109 121 130
12 17 36 44 49 66 80 95 103 116
57 92
3 10 12 14 18 36 38 39 40 43 44 47 50 53 58 60 61 78 83 87 101 102 109 111 112 113 121 122 123 131
3 4 11 20 24 26 27 28 30 34 40 42 54 56 57 63 71 79 82 87 89 99 101 103 105 106 114 132 134
5 9 11 14 22 23 26 29 33 41 45 49 57 59 74 76 80 83 85 89 90 92 96 111 116 121 124 129
20 22 32 37 65 107 118 131
0 3 9 10 11 12 16 21 30 33 43 44 49 59 62 63 66 76 81 84 86 87 98 101 103 106 107 112 116 117 118 122 123 124 126 127 128
0 9 20 22 29 32 35 36 40 43 48 49 58 67 70 72 76 79 84 85 89 90 97 99 102 108 110 111 113 119 122 124 125 127
0 3 5 10 16 17 18 23 28 29 30 32 42 46 61 62 69 76 85 88 97 98 99 103 111 116 128 132
3 4 10 15 19 32 37 40 76 88 92 106 115 121 123 126 132
1 3 13 17 28 31 49 51 52 54 57 60 61 66 68 70 73 79 81 84 87 91 92 94 107 108 110 111 116 117 120
24 26 34 56 60 68 84 85 96 100 117 120
0 21 34 66 79 90 123 124 126
0 6 9 11 17 20 26 31 35 51 58 71 81 82 83 85 86 92 94 99 103 104 111 123 126 133
12 14 22 26 43 44 46 50 52 61 62 63 69 76 81 95 96 101 102 105 111 112 118 123
0 77
41 55 59 75 85 90 94 103 107 110 120 131 133
5 43 49 53 54 66 77 90 108 113
7 73 81 88 92 94 100 118 131
20 80 95 121
0 1 4 6 11 17 19 21 35 36 45 50 56 58 66 72 73 85 95 111 113 117 120 131 132
3 4 13 14 36 48 50 59 72 79 83 96 104 110 112 114 116 125
2 3 10 18 23 25 26 37 41 43 44 49 51 53 55 62 65 66 67 70 72 73 80 91 98 104 106 118 126 127 128 131 134
2 63 95 121
1 12 29 35 36 37 43 60 65 77 79 92 95 117 119 121 122 133
20 23 39 50 53 78 105 110 132 133
0 2 8 13 27 32 33 37 38 43 46 48 59 62 69 74 75 79 80 82 84 88 89 96 99 108 113 118 121 124 128 130 132
2 4 6 8 9 12 19 21 39 42 43 49 53 63 67 87 101 102 103 107 110 123 127 130
14 20 23 24 25 28 30 32 35 39 41 43 61 65 92 93 97 104 105 107 109 113 122 124 129 131
3 4 6 9 13 14 20 23 37 43 47 53 55 63 64 65 72 77 78 80 88 89 94 98 103 113 121 125 133
1 2 11 14 15 25 31 40 41 53 58 59 61 69 72 74 77 96 102 104 111 122 124 126
19 49 64 84 87 90 91 132 133
10 11 15 24 27 28 32 36 37 38 42 43 44 55 56 62 65 71 79 90 91 97 102 107 108 113 128 132
3 6 12 19 22 25 26 27 37 52 53 65 75 82 85 89 91 99 102 107 114 119 122 123 128 130
0 4 5 16 17 19 25 38 39 43 45 47 51 64 68 90 93 103 105 107 116 128 129
1 2 5 7 13 14 15 26 32 33 36 37 39 40 43 50 56 61 65 69 78 83 85 86 87 92 93 96 111 112 118 119 122 123 125 127 128 129 130 132
21 31 38 39 58 74 93
7 11 17 24 29 37 39 41 42 43 44 80 98 112 124 125 128 130 131
1 5 12 14 16 17 20 21 22 24 27 31 36 40 44 50 53 59 60 64 75 78 80 81 86 87 95 96 97 98 102 107 109 114 116 118 121 127 130 132
9 13 16 19 24 27 32 38 48 49 69 91 95 98 103 110 111 113 124
16 30 57 62 81 107 114 130
13 16 23 30 35 43 46 47 58 59 60 61 65 69 79 80 85 88 89 95 102 106 109 118 121 128 130
28 44 81 116 123 125
1 2 4 8 14 19 27 29 33 36 37 39 50 54 56 58 61 65 84 86 87 88 91 94 97 99 102 104 108 112 114 115 117 130 131 133
2 5 6 11 17 25 33 38 48 51 63 76 80 83 86 87 89 90 93 95 99 100 105 111 125 126 127 128 130 133
2 11 29 32 48 60 63 77 90 102 103 104 117 128
3 8 9 20 22 29 43 49 55 62 68 69 72 74 75 76 84 87 99 102 103 104 105 112 113 115 121 123 125 127
2 3 9 19 20 22 29 39 41 42 43 44 50 54 57 59 62 68 71 79 80 83 84 97 102 104 109 116 123 128 129 130
16 18 22 26 27 35 49 51 55 63 65 67 77 85 87 88 98 119 127 130 131 134
53 61 92 124
1 9 11 19 20 32 39 41 52 61 72 75 78 89 94 114 126 132
1 16 19 49 61 75 112 115 134
8 18 20 31 33 45 48 52 53 56 60 62 69 92 96 100 103 105 111 113 120 123 126 129 132
3 8 20 21 24 38 42 99 101 104
16 37 46 56 60 62 69 73 82 92 99 112 115 116 118 119 123
5 26 27 37 46 51 54 59 60 65 69 70 72 77 87 90 102 115 127 131
2 4 7 9 14 18 21 26 27 37 38 39 45 46 52 53 57 59 61 70 74 76 78 79 80 81 87 90 93 105 109 111 117 118 130 133
2 13 15 17 20 21 23 24 34 37 48 56 63 64 73 79 83 86 92 93 94 95 97 98 102 106 107 118 120 129 134
9
4 10 16 25 26 27 28 32 34 35 39 46 47 57 65 68 69 70 73 77 83 88 91 95 97 103 108 112 115 118 122 130 131 133
2 8 14 21 24 32 33 38 39 49 50 51 53 55 56 66 69 78 79 83 86 90 92 96 100 102 104 106 109 111 112 116 122 128
25
11 13 16 19 21 29 33 43 50 57 60 63 74 75 95 100 110 117
15 16 19 21 28 37 43 61 65 70 71 87 88 93 102 103 107 113 114 125 127 128
19 42 53 90 97
2 27
4 14 16 24 30 34 41 48 51 52 53 61 64 66 67 69 75 77 90 91 95 99 102 105 113 114 116 126 127 129 130
3 23 30 32 47 67 75 80 81 86 91 96 100 123 129 132
4 6 8 10 16 30 31 44 46 58 69 73 82 88 94 99 109 115 119 125 130
0 3 11 15 18 21 28 32 33 36 37 38 49 53 55 59 63 69 74 87 91 96 101 102 104 111 112 128 133
2 5 8 9 11 12 22 24 26 29 35 43 53 54 57 65 76 88 95 96 97 98 110 111 112 113 114 123 127 128 129 131 132 134
18 56 61 124
3 8 11 12 18 59 66 72 88 92 102 115
3 4 17 18 19 27 29 31 32 34 39 44 45 46 48 54 58 64 68 70 72 73 74 76 77 79 86 87 88 95 97 100 102 105 106 116 128 134
3 9
7 9 18 20 24 26 34 35 36 37 41 43 44 45 52 53 54 57 58 60 72 78 82 94 96 97 98 100 102 103 104 107 109 116 117 129
