36  134
26  134
1   134
39  134
30  134
10  134
29  134
31  134
8   134
37  134
15  134
10  134
27  134
24  134
29  134
34  134
26  134
7   134
14  134
1   134
32  134
9   134
31  134
36  134
17  134
29  134
17  134
35  134
14  134
32  134
16  134
38  134
28  134
12  134
32  134
28  134
30  134
26  134
13  134
6   134
39  134
20  134
14  134
19  134
23  134
17  134
28  134
13  134
13  134
25  134
37  134
18  134
6   134
13  134
4   134
23  134
33  134
17  134
36  134
19  134
10  134
15  134
2   134
26  134
18  134
19  134
24  134
27  134
23  134
13  134
0   134
8   134
26  134
5   134
38  134
27  134
25  134
37  134
38  134
4   134
8   134
27  134
34  134
9   134
14  134
13  134
30  134
35  134
26  134
11  134
28  134
28  134
24  134
37  134
32  134
30  134
19  134
10  134
30  134
11  134
17  134
25  134
10  134
22  134
12  134
8   134
21  134
8   134
29  134
17  134
38  134
16  134
4   134
20  134
12  134
29  134
29  134
11  134
4   134
28  134
26  134
1   134
26  134
17  134
19  134
4   134
35  134
9   134
15  134
12  134
18  134
30  134
0   134
28  134
21  134
26  134
17  134
31  134
16  134
6   134
31  134
21  134
17  134
27  134
37  134
31  134
12  134
9   134
28  134
18  134
17  134
15  134
19  134
23  134
32  134
30  134
6   134
38  134
36  134
8   134
23  134
9   134
9   134
38  134
26  134
22  134
26  134
3   134
7   134
21  134
32  134
24  134
8   134
19  134
26  134
23  134
37  134
31  134
29  134
27  134
37  134
6   134
39  134
16  134
15  134
7   134
14  134
13  134
30  134
22  134
3   134
20  134
23  134
9   134
2   134
25  134
9   134
12  134
12  134
33  134
40  134
20  134
2   134
10  134
29  134
7   134
23  134
19  134
3   134
17  134
37  134
12  134
18  134
18  134
18  134
22  134
15  134
6   134
25  134
37  134
28  134
13  134
13  134
26  134
27  134
31  134
28  134
33  134
23  134
28  134
35  134
17  134
14  134
11  134
19  134
29  134
39  134
2   134
30  134
35  134
40  134
12  134
12  134
8   134
30  134
32  134
0   134
2   134
20  134
4   134
1   134
26  134
36  134
26  134
37  134
6   134
14  134
38  134
11  134
10  134
2   134
30  134
29  134
28  134
8   134
37  134
34  134
28  134
17  134
31  134
12  134
9   134
26  134
24  134
2   134
13  134
10  134
9   134
4   134
25  134
18  134
33  134
4   134
18  134
10  134
33  134
24  134
26  134
29  134
24  134
9   134
28  134
26  134
23  134
40  134
7   134
19  134
40  134
19  134
8   134
27  134
6   134
36  134
30  134
14  134
30  134
32  134
22  134
4   134
18  134
9   134
25  134
10  134
17  134
20  134
36  134
31  134
1   134
34  134
34  134
1   134
18  134
22  134
5   134
2   134
31  134
16  134
21  134
29  134
34  134
4   134
12  134
38  134
2   134
36  134
