1 6 9 15 22 26 27 33 40 46 47 54 56 62 65 71 73 80 82 87 96 100 101 102 106 108 109 112 113 117 121 123 126 131 133 134 135 136 140 142 143 147 150 153 167 171 173 178 181 182 186 191 198 201 215 218 219 223 224 227 229 231 232 234 238 240 243 247 251 254 256
0 25 46 53 81 145 167 172 184 213 245 248
3 4 14 18 20 24 26 27 31 37 40 47 48 50 52 53 59 62 72 73 79 82 83 85 88 89 96 99 100 105 106 109 115 118 119 121 123 124 125 128 131 134 138 142 148 158 161 162 166 173 181 185 189 196 202 216 217 218 219 220 222 226 228 230 232 236 240 243 245 246

15 28 30 34 39 41 52 58 59 75 91 92 98 100 105 110 118 119 121 131 134 139 150 164 180 183 188 189 190 196 198 199 205 208 211 215 227 238 240 244 246
1 7 12 15 17 18 25 26 27 28 36 51 52 61 65 72 75 81 85 87 96 98 99 103 105 106 108 110 120 125 130 131 140 148 152 166 167 168 170 174 175 183 191 192 193 196 208 209 219 221 224 231 236 237 241 245 246 251 252 256
9 15 20 27 28 33 36 38 40 44 45 49 54 58 61 64 65 71 75 76 77 78 79 83 85 92 96 99 106 108 109 113 122 139 142 143 145 146 152 153 167 174 175 178 181 183 185 188 190 192 195 196 201 203 217 218 219 224 230 232 233 234 235 236 237 240 241 244 247 249 252
2 22 31 36 45 60 84 97 100 115 124 138 141 159 170 173 174 183 191 214 219 220 233 246 256
3 7 12 15 22 33 37 41 45 48 50 55 63 67 69 71 74 75 78 81 82 85 86 93 94 96 97 99 106 112 121 129 139 141 145 148 154 155 156 158 159 162 164 165 171 172 173 174 180 185 189 193 195 198 203 205 211 212 214 218 221 232 234 236 240 242 246 248 251 252
3 4 11 14 34 38 40 41 51 52 57 59 64 66 82 84 89 98 99 116 119 130 138 152 154 155 160 165 167 172 174 176 177 183 184 196 197 200 201 206 208 213 216 217 218 224 238 241 243 244 250 251 255
3 4 19 20 22 23 33 36 40 41 42 45 58 60 65 67 69 72 74 80 86 87 88 89 91 94 95 96 97 99 117 123 134 136 138 149 152 155 156 158 164 167 168 174 175 176 179 183 186 187 193 194 203 204 210 213 217 229 241 244 248 256
0 3 53 78 80 83 84 85 86 88 110 112 119 135 138 157 165 189 190 191 198 229 242 245 255
0 9 18 24 27 29 33 36 40 78 83 108 110 115 121 137 138 142 146 150 152 154 160 170 186 191 197 203 207 216 220 225 233 239 244 254 255 256
0 7 17 26 27 33 37 58 67 73 75 85 95 97 98 100 112 126 132 142 147 148 150 151 155 172 176 179 189 199 203 205 208 218 219 221 225 227 232 235 240 241 244 246 253
4 6 9 20 25 27 32 41 52 55 62 63 65 70 77 88 89 91 92 96 98 99 109 114 117 120 127 141 143 146 150 152 153 163 165 170 177 178 186 187 191 196 205 206 209 214 220 228 238 241 244 247 251 252
4 7 29 35 48 56 62 65 68 71 73 80 82 84 95 107 108 118 124 130 138 144 149 154 157 159 160 166 167 187 188 213 222 225 226 235 245 250
2 32 45 80 88 118 163 189 213 242
30 46 48 50 51 57 59 67 70 74 81 86 95 98 105 132 135 144 158 168 173 189 190 198 214 221 229 230 237
3 5 46 50 77 80 83 89 92 101 111 120 128 139 146 164 170 185 190 202 210 214 224 226 234 250
23 26 43 46 91 94 156 176 195 219 254
11 20 24 27 29 43 61 63 74 75 76 79 80 82 84 89 119 124 127 132 133 142 144 145 155 159 161 164 176 190 191 196 197 203 204 205 208 210 220 223 235 245 248 256
0 6 7 10 12 14 15 16 19 21 27 31 35 36 38 43 45 46 49 50 52 61 62 63 68 71 76 79 96 99 101 102 103 108 109 110 120 121 122 124 125 128 135 136 140 145 152 153 156 162 164 166 168 178 186 191 192 201 204 209 211 219 224 225 228 229 233 234 241 242 243 246 252 253 255 256
1 5 10 11 23 24 45 55 76 83 91 92 94 95 103 109 113 122 124 126 152 165 167 170 173 180 187 207 212 213 223 224 230 235 240 242
0 10 11 12 16 20 24 27 29 32 38 41 42 43 51 52 53 56 61 70 75 77 81 84 92 96 101 102 108 109 117 120 122 123 124 131 132 133 140 146 150 153 155 157 158 164 174 182 183 184 186 197 210 213 214 217 219 240 245 251 252 255
3 9 15 22 23 26 57 58 67 68 72 90 93 96 105 110 111 115 136 141 144 145 148 153 154 168 171 174 178 186 187 190 195 196 205 206 215 216 220 222 231 240 250
20 226 229 247 256
2 3 4 6 12 25 27 29 31 32 34 42 44 53 56 57 58 60 62 65 69 73 76 77 82 86 98 104 105 108 111 113 114 116 117 122 124 128 131 133 142 144 156 159 161 165 172 173 180 182 183 186 190 191 192 194 197 198 199 207 214 216 217 218 219 221 230 232 234 247 248 251 252 253
1 38 49 73 85 90 92 110 161 218 224 228
5 9 24 25 28 37 56 57 59 66 73 74 80 97 105 108 112 115 121 122 126 127 129 134 135 138 143 162 168 174 185 203 205 214 216 219 224 225 227 241
4 12 35 40 48 49 50 55 60 64 86 87 95 96 109 119 122 138 141 142 148 149 157 158 182 187 196 198 200 204 216 218 219 225 233 239
2 5 9 10 12 14 17 25 27 36 37 50 65 67 73 79 88 92 93 101 102 111 115 121 122 140 169 174 177 183 185 193 195 200 205 208 209 214 219 220 225 235 241 242 243 245 250
4 10 19 20 21 24 26 30 31 32 33 34 38 40 41 43 45 47 49 57 58 62 67 71 79 80 83 85 88 90 91 104 105 108 120 121 123 125 132 135 140 145 150 155 158 162 163 166 168 170 178 179 181 193 200 201 209 212 213 214 215 217 227 231 232 244 245 251 253 254 255
1 14 20 24 31 34 47 56 60 63 64 65 78 80 81 89 94 102 105 130 131 151 152 162 179 184 191 202 215 223 226 242 246 249 250 252 253
7 12 14 15 24 25 38 43 47 49 52 56 59 66 76 77 79 82 84 94 105 106 112 113 118 121 126 131 132 134 135 139 148 151 152 154 158 163 167 174 180 182 186 196 197 199 209 216 225 228 233 235 246 249
1 2 9 11 13 29 43 52 56 62 84 96 98 111 114 117 128 154 158 160 169 180 182 187 196 197 201 214 225 237 244 248 253
5 39 45 54 55 65 66 98 101 102 111 118 132 145 160 162 163 168 183 189 207 213 217 222 229 247
0 3 4 5 10 12 13 15 17 20 28 37 40 45 50 52 54 56 60 66 67 76 77 83 89 94 98 99 101 109 112 114 116 118 124 127 128 132 134 136 139 143 148 152 156 158 161 163 164 177 178 188 190 192 194 195 203 220 224 232 241 243 245 248 249 250 251
9 105 124 172 188 220 221
27 42 94 109 143 150 163 220 224
3 30 33 44 53 56 57 70 92 95 97 98 102 103 105 110 112 116 127 139 145 147 160 168 169 171 177 181 182 183 189 192 195 203 206 207 212 215 224 233 240 245 254 255
3 13 14 16 20 25 26 28 30 32 36 46 49 62 65 66 73 79 83 87 90 98 103 114 117 119 121 126 130 131 134 135 139 143 149 150 162 166 167 168 173 177 188 189 192 193 194 200 206 207 210 211 214 215 216 218 221 226 233 238 241 247 253
0 12 18 21 22 29 31 33 34 39 42 46 48 53 55 58 59 60 65 70 73 75 76 80 81 90 92 96 98 102 111 114 115 116 121 126 130 133 134 137 150 151 155 157 158 165 168 185 189 191 198 199 204 205 208 212 213 214 219 221 223 226 227 230 237 240 244 245 248 253 254
3 6 7 9 10 14 15 18 22 23 25 34 36 37 39 41 44 49 56 65 67 68 70 87 97 112 121 123 124 130 131 133 141 143 144 149 151 153 155 156 158 167 168 171 174 178 183 184 185 189 193 199 201 202 205 210 215 216 219 225 227 228 229 232 234 245 252 256
0 6 11 12 18 26 27 28 30 35 51 53 54 62 96 97 109 114 117 119 121 122 132 134 137 138 145 147 148 150 156 162 170 171 175 176 184 188 192 195 197 199 203 206 207 208 209 212 216 228 239 242 244 255
8 14 24 26 45 50 56 68 79 83 88 101 103 116 130 140 152 203 208 217 234 239 240 243 249 253
3 4 14 15 16 17 24 25 27 28 36 44 48 54 57 60 65 67 74 75 80 84 89 90 94 95 98 99 101 106 119 123 138 141 143 145 151 153 155 160 161 165 167 171 173 190 195 196 210 212 213 218 221 223 227 229 233 239 247 248 250 251 252 253 256
3 7 12 15 29 43 48 53 60 61 67 68 69 73 79 85 88 96 103 106 114 117 121 126 127 135 136 146 148 150 156 167 174 179 180 193 198 216 221 229 233 245 253 255
8 12 25 30 35 38 55 71 88 102 105 108 110 118 131 143 176 189 200 205 212 233 253
5 7 42 50 72 78 82 83 95 104 109 112 114 116 131 135 150 151 152 160 162 168 175 185 198 200 209 210 211 216 233 250 254
30 90 95 105 126 133 156 246
7 9 71 73 76 81 90 94 109 134 135 137 142 143 150 165 179 182 212 225 229 233 234 245
39 46 72 81

15 23 28 41 57 79 80 82 91 93 127 137 153 165 170 183 206 208 211 212 241 255
0 1 2 43 46 47 65 78 81 92 123 126 149 151 155 164 170 180 182 213 215 222 223 251
10 12 27 32 34 37 40 49 52 57 67 74 75 85 87 93 97 106 108 123 134 141 143 149 154 156 157 158 164 167 180 186 195 198 202 204 212 213 217 230 236 238 240 252 254 256
0 2 4 11 13 14 15 16 20 23 29 32 34 37 40 41 42 62 63 66 71 73 76 81 87 88 89 93 102 107 110 118 124 132 137 139 144 147 150 152 161 170 175 176 177 181 186 193 194 195 209 212 214 217 218 221 226 228 231 234 236 237 240 245 246 251 252 255
3 38 51 103 106 110 120 125 130 142 163 175 176 179 194 215
2 3 10 17 18 22 31 35 36 42 51 57 60 63 71 74 75 82 85 95 98 102 105 109 114 120 129 130 132 140 152 158 161 164 172 174 184 186 195 197 213 221 229 248 249 250 253 256
36 44 53 61 65 67 68 76 112 130 131 133 168 174 183 194 232 247
10 36 42 55 61 63 87 126 149 200 205 210 227 243
5 12 17 27 36 38 43 47 51 52 71 76 96 102 111 112 130 155 177 202 214 217 224 228 230 236 252
6 16 42 46 47 49 55 69 72 80 81 88 113 118 123 126 130 138 144 145 158 171 176 198 200 207 211 213 214 220 223 229 245 252 253 255
5 6 7 8 10 18 23 33 48 57 60 62 65 69 72 83 85 86 92 94 104 111 121 123 132 143 147 150 156 162 167 170 172 174 176 184 185 188 190 192 193 197 202 203 208 209 211 212 213 216 217 221 231 238 239 243 255
2 6 13 20 34 35 49 59 61 62 68 76 87 91 96 101 115 128 133 144 152 159 166 167 174 181 185 195 199 205 215 226 227 235 242 249
6 8 9 12 24 25 28 34 36 39 40 41 46 49 52 58 63 67 71 81 89 91 99 102 104 106 113 115 116 117 121 124 129 139 142 143 153 156 158 159 160 161 162 163 166 169 171 173 175 176 178 179 184 190 191 193 202 210 213 219 222 228 230 231 233 236 237 248 249 253 254 255
1 5 11 12 13 15 24 25 36 40 42 46 52 61 69 83 88 99 101 108 111 154 158 164 198 219 227 247
0 2 7 8 12 21 22 26 31 33 37 56 57 61 62 71 72 75 79 80 85 91 92 93 102 104 105 106 113 120 122 126 130 135 138 141 150 151 158 167 170 179 190 193 196 210 211 215 219 239 242 249 252
42 54 111 129 142 183 189 203 209 224 254
6 10 11 18 23 31 43 53 54 59 64 66 68 71 72 79 80 82 90 102 109 110 111 114 124 128 130 132 137 143 146 154 157 163 173 176 181 188 189 191 196 199 201 202 209 210 214 219 222 228 229 247 248 249 251
22 34 45 56 59 63 72 76 93 123 128 139 156 175 182 216 219 220 221 229
0 33 54 61 62 75 93 102 104 106 107 109 117 127 147 149 150 154 161 169 173 176 191 196 202 203 220 246 255
1 5 15 18 19 20 30 34 42 43 52 54 55 56 59 61 68 71 72 76 87 88 90 93 102 112 114 118 120 123 125 146 147 156 165 166 169 171 179 187 192 193 194 196 197 198 202 222 231 235 236 242 246 256
1 3 5 8 9 10 16 20 44 55 66 73 75 83 100 103 109 111 132 137 143 148 211 217 239 242 255 256
118 142 173 203 209
1 13 32 35 47 48 58 76 79 81 86 95 119 122 128 155 161 172 178 179 198 222 230 235 241 252
1 7 12 13 14 24 25 27 29 36 39 42 46 48 52 61 69 70 74 81 87 93 99 100 101 102 108 112 116 118 120 126 127 129 132 136 138 139 146 147 150 151 152 154 159 163 165 167 175 177 179 182 184 188 190 192 193 194 196 200 205 207 210 214 218 220 227 234 237 240 242 245 246 250 251 254
2 4 16 18 22 23 24 36 41 45 47 53 54 55 56 59 60 68 74 80 86 92 94 96 104 106 108 110 111 112 117 124 134 137 139 140 146 148 150 153 159 161 172 176 189 192 193 194 201 208 210 212 213 218 220 221 227 229 233 246 249 250
1 3 16 25 28 29 36 37 39 50 56 60 66 67 68 73 77 84 85 88 90 92 96 102 104 105 108 109 114 123 131 137 139 140 145 147 150 151 152 156 157 162 171 173 181 184 186 188 192 196 198 203 207 210 213 222 226 230 243 246 248 249 253 256
11 17 25 29 31 33 34 36 39 41 45 56 59 64 65 68 72 74 78 80 82 83 84 87 91 93 94 107 113 114 115 129 130 137 147 149 153 154 156 160 162 164 165 167 169 170 172 176 180 182 186 189 197 204 206 207 208 212 223 226 231 232 233 234 235 242 244 247 249
2 9 10 17 21 22 25 26 35 37 42 46 48 52 58 67 82 85 91 97 100 103 105 114 117 119 126 130 134 143 147 151 154 168 171 184 186 196 197 203 206 208 214 222 230 231 232 233 235 237 241 242 252 255 256
3 17 22 24 26 29 30 33 37 41 48 49 51 54 56 57 61 62 67 76 77 78 79 81 83 87 90 91 96 107 113 122 126 130 134 141 143 146 155 165 166 170 173 175 179 180 182 184 187 189 196 208 210 212 214 216 218 223 228 229 246 247
6 17 24 69 99 105 108 132 136 139 181 198 204 213 224 238 242 244
6 8 10 39 54 56 65 77 83 89 102 108 121 127 130 136 141 142 144 150 151 156 162 167 176 179 186 194 196 206 210 212 215 221 224 230 237
5 10 15 21 24 25 28 31 38 46 51 55 60 62 63 81 87 96 97 98 109 110 113 114 116 117 128 129 130 131 132 137 141 143 153 159 161 163 173 174 180 186 187 194 204 207 225 228 230 232 238 240 247 249 254
5 9 17 25 34 37 40 47 52 58 65 71 92 126 143 150 154 157 160 163 184 198 237
1 14 50 54 64 70 76 82 88 97 102 103 112 120 128 130 145 148 150 163 165 172 183 187 214 228
178 182 192 247 255
35 107
18 40 48 50 52 56 61 62 87 95 100 107 119 150 164 170
33 36 38 47 48 49 50 59 61 63 74 78 83 90 96 105 111 112 121 122 123 127 129 132 134 148 159 164 181 182 188 201 203 211 217 220 233 241 243 245 246 248 250 252 253
5 6 13 25 32 35 37 46 48 55 57 64 65 66 70 79 87 97 99 106 122 123 141 142 144 145 150 151 153 154 155 158 162 168 173 175 181 183 193 196 197 200 202 211 214 215 220 231 236 238 239 241 245
0 2 5 8 15 20 24 25 35 36 39 46 53 65 83 118 123 124 138 148 161 162 169 190 203 205 206 209 220 224 237 241 248
1 9 19 22 27 32 40 42 51 58 82 89 92 97 98 105 112 135 149 150 160 162 180 183 184 187 189 192 193 206 207 222 224 226 238 250 256
20 54 94 112 121 190 199 208 243 245
10 30 50 51 64 66 91 102 121 124 127 128 156 161 169 179 192 195 215 218 232 234 237 239 241
7 8 10 17 24 26 28 33 34 39 42 43 45 46 48 53 54 67 68 70 75 77 82 85 88 97 100 104 105 107 112 117 123 125 129 138 139 144 145 147 151 152 156 157 161 165 166 167 173 174 181 183 186 187 190 193 197 198 206 208 209 210 216 217 229 235 237 241 243 244
11 14 23 24 28 30 33 37 58 59 60 62 63 67 80 81 97 99 106 111 117 122 125 126 130 133 136 137 138 142 150 160 169 177 178 181 190 192 196 198 207 216 221 222 224 228 241 249
0 1 4 10 23 25 41 47 70 94 99 101 103 107 110 123 125 127 141 149 154 168 185 190 203 218
1 6 12 13 17 21 22 24 31 35 36 42 44 52 63 69 76 78 83 97 101 102 103 107 115 120 121 125 126 129 131 132 138 140 141 142 154 159 161 163 165 167 175 180 185 186 187 194 196 197 199 202 206 207 214 219 221 222 231 238 241 242 247 250 251
1 5 26 48 49 50 54 64 66 71 72 73 78 86 93 98 101 103 104 107 112 115 117 118 122 123 125 126 131 145 147 149 154 155 159 161 162 163 164 167 171 176 177 179 181 185 187 191 193 198 199 207 211 221 225 226 228 229 238 249 254 255
1 8 11 24 26 45 46 57 60 64 71 76 83 98 109 120 123 127 131 151 163 171 174 179 182 188 194 197 198 217 218 220 221 225 233 234 235 242 246 254 256
3 9 10 22 43 47 51 55 61 62 68 78 91 93 101 129 130 143 153 156 172 188 220 226 241 249 252
5 6 7 17 19 24 37 39 59 60 62 65 71 78 83 90 98 101 104 106 108 109 110 113 118 125 138 139 141 148 150 154 156 164 165 175 177 195 204 207 211 215 219 230 235 236 244 247 249 255
2 9 14 27 34 35 38 43 45 46 50 54 55 62 64 72 77 79 90 92 93 94 99 101 104 107 111 118 126 132 139 140 141 145 148 151 163 165 170 171 177 184 187 189 192 198 199 201 207 209 211 213 214 217 220 226 234 236 240 242 248 249 252 256
2 3 6 9 11 15 16 18 19 20 22 24 34 37 38 41 42 46 53 54 55 57 64 68 70 71 87 88 98 101 105 112 114 121 124 137 138 141 163 166 172 178 180 184 186 192 196 199 206 208 213 226 228 233 238 240 246 249 252 253
7 17 37 45 54 58 66 74 75 79 86 100 103 115 123 128 133 153 154 197 198 210 223 227 228 236 242
0 1 5 10 12 47 49 80 98 106 107 113 132 169 215 221 248 249
1 10 19 28 32 37 49 52 77 80 88 91 106 115 123 131 149 150 169 181 182 183 190 204 206 211 230 231 236 239 241 248
4 6 10 17 18 24 28 29 30 31 33 34 35 37 46 50 53 54 59 61 66 75 83 85 90 104 106 114 116 121 122 130 132 135 141 145 146 152 156 158 160 163 176 177 181 182 184 193 194 198 202 209 210 212 219 220 221 222 231 233 234 236 237 238 239 243 246 253 255
2 9 24 26 28 34 44 47 50 51 54 58 61 64 76 77 79 86 89 110 116 121 149 157 164 168 173 177 181 182 184 187 188 190 204 215 221 231 232 235 243 253 256
1 8 10 13 14 30 35 42 43 46 49 57 61 66 76 78 86 89 94 103 105 106 112 130 135 137 143 147 148 155 161 166 170 178 179 180 183 190 199 203 208 209 214 215 216 219 220 224 225 228 232 236 242 243 246 253 255 256
4 5 13 16 28 30 36 37 40 44 60 71 76 80 83 88 97 100 111 126 140 143 146 151 154 160 161 162 164 170 178 188 191 192 198 199 200 207 219 229 233 234 244 248
5 16 41 44 45 50 85 90 95 107 113 141 146 151 165 170 195 199 212 245
20 21 29 34 36 37 38 47 58 61 69 74 77 84 85 91 92 94 96 102 105 117 125 126 128 133 136 139 141 143 146 149 150 152 156 158 160 162 165 167 174 175 181 182 184 185 186 187 188 189 193 194 195 200 206 207 215 219 229 233 237 238 243 252 254 256
34 58 73 108 122 126 137 155 156 179 192 195 243
1 5 13 33 43 52 53 59 61 64 79 80 97 121 138 143 147 148 157 167 182 194 196 209 228 247
14 64 68 71 102 110 116 125 135 172 180 188 200 201 219
3 9 13 14 31 32 35 41 43 50 52 55 60 61 63 64 69 70 71 73 85 90 94 98 102 109 115 130 131 136 141 142 153 158 165 166 169 171 173 181 187 189 191 193 194 195 201 221 232 237
35 58 81 87 103 109 126 136 143 148 180 206 232 250 255
4 8 26 27 29 36 46 48 53 64 75 83 89 90 114 117 126 133 172 182 187 200 205 212 244 250 251 256
