71  256
12  256
70  256
0   256
41  256
60  256
71  256
25  256
70  256
53  256
62  256
25  256
38  256
45  256
54  256
38  256
10  256
29  256
26  256
11  256
44  256
76  256
36  256
62  256
43  256
5   256
74  256
12  256
40  256
36  256
47  256
71  256
37  256
54  256
33  256
26  256
67  256
7   256
9   256
44  256
63  256
71  256
68  256
54  256
26  256
65  256
44  256
23  256
33  256
8   256
24  256
4   256
0   256
22  256
24  256
46  256
68  256
16  256
48  256
18  256
14  256
27  256
36  256
57  256
36  256
72  256
28  256
53  256
11  256
55  256
20  256
29  256
54  256
28  256
5   256
26  256
76  256
62  256
64  256
69  256
55  256
62  256
18  256
37  256
55  256
23  256
26  256
5   256
2   256
16  256
45  256
53  256
33  256
37  256
10  256
25  256
70  256
48  256
26  256
65  256
62  256
41  256
27  256
50  256
64  256
60  256
27  256
18  256
32  256
69  256
43  256
58  256
44  256
20  256
66  256
13  256
26  256
15  256
50  256
15  256
28  256
