3 37 41 42 46 48 99 107 112
3 4 12 17 23 25 28 31 32 34 35 36 47 56 58 59 60 65 66 72 73 75 77 83 88 92 101 105 113 116 119 120 126 127 128 132
1 2 8 10 14 16 19 21 22 24 25 35 47 55 59 61 72 81 83 90 93 99 100 107 122 134
11 45 46 52 54 55 56 59 72 74 75 81 82 93 100 104 106 108 113 122 130 132
16 67 98 111 124
0 3 12 17 31 40 53 103 109 124 126
13 35 43 68 71 75 93
14 16 32 41 61 86 108 122 129 130
5 7 13 17 19 21 26 32 33 40 44 46 49 55 63 72 80 82 87 91 101 102 111 116 127 129 132
1 7 8 14 15 19 23 35 41 49 57 58 66 80 89 93 100 107 116 121 130 131
2 5 6 16 22 25 26 38 45 47 49 52 57 61 62 63 64 65 74 75 76 83 85 87 96 98 104 105 111 113 115 117 120 122 123 128 129 132
0 1 6 7 16 20 21 22 26 38 54 58 59 66 67 71 72 73 74 79 86 87 90 102 108 112 113 117 119 124 130 134
7 18 22
2 8 10 12 14 15 24 28 35 37 41 43 44 47 48 51 56 59 65 73 77 80 87 89 97 99 108 113 114 116 117 119 120 123 125 131 133
26 41 45 61 117 118 119 134
18 21 46 60 67 77 79 85 87 93 102 103 111 114 128
17
0 3 7 10 13 18 22 26 32 33 37 40 47 49 51 53 57 59 61 62 66 71 75 80 82 84 90 106 114 117 118 119 122 123 132
17
2 4 31 32 36 37 45 49 52 58 65 72 75 76 80 87 98 102 108 113 121 123 133
13 17 30 45 48 82 86
2 32 55 79 82 97 125
85 109 126
6 7 29 33 45 56 62 67 87 88 98 105 114 116 124 130
4 5 8 14 38 44 53 66 76 82 87 102 113 118 127 131
2 32 52 72 129
1 2 4 8 10 12 13 23 24 35 39 40 42 48 49 52 53 57 60 62 65 70 78 81 86 96 98 101 104 120 123 124 130 131 133
16 17 52 53 54 56 58 62 63 66 94 99 110 115 116 118 122 124
3 7 11 13 18 20 24 28 32 33 34 36 38 49 53 56 63 64 68 72 76 81 91 92 93 98 99 100 105 107 110 113 118 119 120 121 128 131
8 15 31 35 36 47 50 54 74 97 101 106 125 130
2 4 16 27 29 34 51 64 85 86 87 88 105 110
4 10 13 18 19 22 26 29 30 31 33 39 46 52 66 75 76 82 84 87 88 91 96 99 102 108 109 112 126 129 133 134
52 67 94 113
129
6 11 13 16 25 29 30 33 40 47 54 55 57 66 68 71 72 74 84 88 92 93 112 113 114 115 117 126 127 130
4 11 12 23 36 48 61 64 67 68 70 74 76 87 98 102 104 108 118 119 122 124 128
18 39 46 57 75 83 85 88 94 126
35 54 99
60 116
0 3 15 16 21 22 24 27 33 37 38 39 40 49 53 58 59 66 71 75 76 80 86 88 92 93 94 98 99 100 111 113 117 130 131 132 133 134
1 15 48 76 101 106
5 22 24 35 45 46 49 52 58 60 65 74 90 100 114
0 5 8 11 17 18 22 31 33 37 39 41 45 46 50 53 59 63 71 90 91 95 98 101 117 124 126 133 134
14 56 91
1 2 3 4 12 14 16 21 23 30 35 37 41 45 49 53 59 61 63 69 70 77 84 90 95 100 101 109 113 115 116 120 123 132
2 7 9 19 20 27 29 32 42 43 44 46 52 56 57 58 62 64 65 71 72 83 90 93 94 99 101 103 105 111 114 120 121 123 134
19 28 72 79 80 82 98 100 117
1 20 25 28 39 53 57 66 68 74 75 76 78 80 83 88 91 92 94 95 129 131
9 13 21 22 25 38 42 49 57 64 71 72 75 83 87 91 101
3 5 8 9 13 15 16 19 21 22 24 30 35 37 39 50 54 58 62 65 78 79 80 83 85 86 89 96 98 101 109 112 114 120 124 125 126 134
1 4 6 9 10 12 17 21 22 23 26 31 32 36 43 48 57 70 77 81 86 90 92 93 96 101 102 109 121 122 126 133
4 9 15 37 41 57 60 65 66 67 71 93 101 110 111 123 127 130 134
5 7 12 42 48 52 55 61 73 81 90 92 96 101 104 105 112 125 130
8 35 44 111
8 10 37 46 47 52 82 88 91 107 113 118 132
7 19 52 76 82 87 126
20 21 69 88
15 17 27 33 36 38 39 45 53 55 59 66 67 68 70 84 89 93 102 103 108 110 116 117 121 124 125 131 132 133
4 17 18 19 27 29 36 37 38 45 57 59 63 65 68 71 73 74 79 81 84 94 96 103 105 114 118 120 126 127 129
3 6 13 14 17 24 27 29 30 33 43 47 66 70 73 79 81 82 87 89 95 97 102 103 114 118 119 132 133
5 12 13 17 19 22 23 30 38 39 40 54 59 72 105 112 116 121 132 133
6 7 12 27 33 58 89 94 99 120
25 43 54 125 130
20 24 39 45 63 69 82 103 124
2 15 27 116
3 4 7 41 44 47 82 85 99 108 110 112
4 12 14 27 30 36 42 45 47 57 60 64 65 67 74 78 81 91 93 94 114 124 126
5 35 61 65 89 92 98 99 109 116
7 13 18 19 20 27 38 41 42 48 65 66 72 77 78 79 80 85 89 90 91 92 98 99 100 103 104 105 111 114 116 117 122 124 127 131
1 3 7 11 22 25 29 30 31 37 47 51 54 63 64 70 82 93 94 95 97 98 108 109 110 113 116 119 120 123 127 129 134
10 13 28 31 33 42 43 56 63 66 72 78 79 85 87 95 102 104 109 112 118 130
0 7 10 13 20 21 22 28 36 37 43 48 50 53 54 60 72 74 75 76 77 84 85 90 91 93 94 95 96 100 102 109 118 122 129 134
2 4 11 16 20 22 29 32 39 51 58 59 71 76 81 84 86 90 97 99 123 124 126
6 7 27 34 41 43 45 51 53 54 56 63 74 85 87 90 93 105 119 123 124 131
0 15 16 17 19 23 25 33 35 45 46 48 50 55 57 59 62 70 71 72 75 76 80 82 91 96 101 107 112 119 122 123 124 127 128 130 133
3 4 9 18 27 29 30 39 44 45 54 57 63 64 69 75 76 77 79 82 88 95 102 104 105 106 107 108 114 119 132
17 43 81 115 128
13 15 18 22 26 31 32 34 38 44 52 64 75 86 90 110 117 125 126 127
3 11 13 14 28 36 40 44 71 73 77 80 84 89 92 102 112 124 133 134
18 25 26 32 38 42 46 49 56 60 84 97 106 117 132
0 2 10 16 18 21 24 26 28 31 32 35 38 42 43 44 60 61 63 64 67 68 78 83 90 93 98 101 102 103 109 112 114 117 119 123 132 133
6 18 27 32 36 40 42 43 49 52 53 56 59 62 64 69 71 76 86 88 91 93 97 99 100 118 119 122 123
11 12 14 17 22 26 27 32 37 38 59 64 71 73 75 80 87 90 91 93 96 97 99 100 102 103 104 107 114
0 8 31 32 36 49 54 70 83 102 103 120
6 13 16 20 25 26 28 38 39 42 43 48 59 61 63 84 85 93 100 101 120 128 130 134
4 5 11 12 13 19 24 31 36 42 65 68 85 92 95 98 99 100 103 106 111 119 123 127 131 132 133
6 7 8 20 21 23 26 52 54 68 70 101 111 130
9 92
9 10 18 25 31 37 38 43 57 58 72 78 80 87 88 89 96 97 102 105 107 112 119 131 134
0 11 15 16 24 29 31 43 49 51 55 58 60 71 74 75 77 79 82 87 91 93 94 105 106 110 113 115 117 119 123 124 128 132
21 31 49 58 61 68 102 112 115 130 134
0 3 5 11 18 20 21 22 23 28 33 34 44 45 48 54 56 58 70 72 73 74 75 78 85 88 90 92 95 97 102 104 105 113 114 119 125 131 133
3 7 11 12 17 18 20 23 25 28 32 37 38 40 43 44 48 52 60 61 62 64 65 66 67 72 77 85 96 99 102 108 109 116 118 119 120 123 129 133
5 6 11 24 32 84 93 102 104 119
129
0 7 15 16 17 22 24 26 27 34 36 47 49 52 60 67 80 87 94 102 112 113 115 120 131 133
3 4 6 7 13 14 17 18 22 38 40 43 48 50 56 64 68 83 85 86 90 94 105 114 117 128 129 130 132
19 20 51 58 75 77 90 91 94 123 128 133
3 14 15 29 32 33 41 50 61 67 69 77 79 82 87 93 95 100 109 117 120 125
69 120
12 13 14 15 16 25 28 31 36 42 44 46 50 57 62 63 72 73 74 86 89 91 94 95 99 102 103 106 107 116 117 120 124 125 128 131
0 2 3 6 8 12 14 16 21 29 32 38 39 46 48 50 51 55 62 63 69 71 80 86 87 102 108 111 116 119 120 127 129 130 131
0 4 9 12 15 21 26 45 54 59 60 62 64 70 71 76 85 89 132
0 8 9 11 35 36 37 52 65 89 90 92 101 103 112 121
11 25 28 32 36 37 45 55 56 60 62 64 65 77 81 83 84 86 89 93 96 99 100 101 109 126 131
4 114
6 12 37 39 42 44 46 47 55 57 65 75 76 90 100 114 119 121 127 128
18 21 27 46 55 63 103 113
2 3 8 11 14 18 19 23 28 31 35 38 44 48 51 52 54 55 56 62 66 70 75 77 83 85 87 90 104 115 121 123 126 129 130
9 19 52 89 92
7 18 25 34 37 38 39 48 50 58 68 72 77 85 88 95 101 118 127
2 5 16 18 22 28 32 37 56 67 69 70 73 79 80 84 86 87 88 89 90 92 93 95 97 103 105 110 117 128 131 134
4 5 12 17 31 37 41 44 52 59 60 61 65 70 72 74 91 92 94 96 98 99 106 107 111 115 116 119 124 127 128
47 64 98 133
0 8 10 11 17 21 22 24 26 28 33 40 44 45 54 84 86 89 98 105 108 123 126 128
3 4 11 25 36 40 47 58 86 89 98 103 105 108 132
17 33 65 96 132
0 12 16 21 25 35 42 47 51 55 56 59 61 74 76 79 83 88 93 99 100 106 107 110 111 112 115 126 131
2 13 17 22 36 38 41 42 64 67 81 83 98 102 104 112 124 125 129 133
1 4 25 40 43 47 54 58 60 62 63 71 72 74 85 97 98 99 106 107 108 110 112 123 129 132
8 23 28 41 43 44 46 50 63 88 93 110 128
11 13 15 24 27 29 30 33 35 37 41 47 51 53 55 56 63 66 67 68 77 80 81 83 90 92 94 95 96 101 105 108 114 121 132
4 9 21 35 38 40 55 69 71 79 85 87 96 107 119 123 131
1 5 8 9 10 11 15 20 21 27 28 30 34 44 48 56 65 68 69 71 74 75 77 85 87 88 92 95 99 107 108 110 118 121 129 131 134
1 4 10 14 18 20 21 29 42 43 50 51 57 58 61 62 64 78 85 96 106 110 112
18 19 25 26 35 36 39 46 47 76 78 80 82 83 84 85 89 92 95 96 100 107 109 123
1 5 8 13 15 33 47 48 49 52 63 64 72 73 74 75 79 83 90 91 99 115 122 124 127 128

0 18 19 27 29 31 35 36 39 47 65 74 76 78 89 97 104 109 114 121 128 132
15 25 38 49 53 55 81 84 87 89 93 95 116 121
0 2 3 4 10 13 16 17 21 22 23 25 26 28 35 36 41 42 54 61 67 69 70 72 73 81 83 86 87 91 92 98 100 105 107 109 122 124 125
12 15 31 32 37 38 40 43 66 69 72 74 77 79 80 81 82 83 84 89 91 92 94 97 99 104 108 109 114 115 121 122 131
8 12 16 19 24 31 36 39 51 57 58 59 69 79 80 83 85 86 93 94 99 110 120 131 133
38 99 128
2 5 8 10 14 15 23 24 36 37 45 51 54 56 58 62 66 69 72 77 78 83 89 91 92 93 105 111 115 116 118 122 128 129
1 2 9 13 20 25 32 38 44 74 82 86 87 90 97 109 113 117 118 130
2 5 10 16 18 25 31 38 42 48 57 61 64 70 75 76 82 83 85 86 88 90 93 98 99 103 119 129
1 16 20 58 75 117 121 126 131 133
0 6 8 107
2 3 4 5 11 12 15 16 22 29 32 40 41 44 46 47 50 54 71 76 81 82 83 88 90 93 94 101 106 109 112 113 119 126 132
9 20 23 36 49 51 63 67 68 80 91 102 107 108 109 120 123
1 9 13 19 20 23 27 28 31 38 44 49 52 54 57 59 66 69 73 76 78 79 86 94 96 102 104 106 107 110 111 120 123 125 126 129 130 131
32 45 53 58 59 60 65 67 68 72 78 84 86 88 100 115 121 122 123 128 129
0 8 13 19 23 28 33 37 38 41 45 46 49 50 52 54 55 56 57 62 64 67 68 72 79 84 87 91 95 103 105 107 118 119 123 126
2 4 5 11 21 22 24 25 26 28 30 32 33 37 44 45 47 48 49 52 61 68 74 77 78 79 94 107 109 112 113 117 118 121
14 52 72 112 128 134
2 3 5 6 9 21 34 35 39 43 65 74 88 89 99 102 103 108 110 112 116 119 122 133
18 19
8 27 50
9 14 19 76 83 92 96 97 104 109 111 113 118 119 128 129
0 3 4 5 8 13 17 19 21 24 25 26 30 33 37 42 43 44 45 48 56 57 58 64 67 69 70 71 73 75 84 91 94 103 107 114 120 122
4 15 16 18 24 32 34 38 42 43 57 58 61 67 70 75 78 89 92 97 99 100 101 102 107 117 119 120 121
3 5 7 10 14 15 19 22 24 30 36 42 46 48 55 56 63 70 73 76 82 83 87 102 103 104 111 112 116 117 118 121 125 129 130 133 134
12 17 31 33 53 54 68 108
6 8 32 33 36 42 48 62 74 102 111 114 124 133
1 2 3 6 8 13 16 27 29 31 34 35 38 39 41 42 50 51 52 56 60 61 63 71 77 80 88 94 103 104 107 109 112 121 125 126 127
7 9 13 40 43 44 46 48 52 60 63 66 70 74 79 85 86 87 93 96 103 107 114 115 118 120 121 127
110
3 11 15 27 31 39 50 52 54 58 61 70 85 86 88 97 100 106 123 129
12 13 33 45 52 57 74 75 80 92 105 106 129
14 16 18 25 57 64 66 73 78 85 87 89 98 102 107 114 115 120 129 130 132 134
5 18 20 39 41 46 70 76 89 113 114
9 30 31 32 38 43 49 56 58 59 68 70 97 101 104 108 109 114 116 117 133
0 2 8 9 10 12 13 15 18 21 29 31 32 38 39 41 42 60 62 68 75 78 91 96 99 101 102 110 112 118 124 131 133
3 25 52 61 93 130
9 16 24 52 61 64 72 78 80 90 103 127 128
0 1 8 9 13 24 25 26 42 48 51 60 72 74 75 81 82 83 86 102 106 109 110 112 118 129 130 133
2 8 11 13 16 17 21 23 24 27 28 30 33 34 35 36 43 45 47 49 52 54 57 61 66 67 70 71 76 80 89 93 95 100 106 109 113 125 127
1 5 17 20 25 26 27 29 31 34 35 36 37 42 43 45 46 47 77 79 81 87 88 90 92 93 95 101 103 108 109 111 112 115 125 127 129 131 133
1 4 10 13 30 39 41 43 52 57 62 82 87 97 105 106 107 113 123 124 125 130 134

11 14 16 17 18 21 27 32 39 56 58 61 64 69 73 76 81 82 83 85 89 100 101 105 115 130
9 15 24 26 42 53 54 58 60 65 68 75 80 84 102 107 108 109 121 122 123 126 131
4 5 8 19 22 26 33 35 40 46 55 61 62 64 66 68 69 73 74 78 79 81 84 96 98 99 102 106 114 118 125 132
0 11 17 19 31 37 44 50 52 58 60 66 67 93 95 102 104 119 123 125 126 127 132
11 13 14 18 24 25 30 33 34 44 46 52 56 57 60 64 66 82 84 87 95 104 109 112 114 117 125 127 129
13 48 51 52 53 54 73 75 96 105 111 114 127 129 134
12 21 25 28 31 40 41 42 50 54 61 62 65 68 77 85 91 106 118 121 131
1 9 18 19 26 36 37 40 43 46 54 56 73 78 81 82 91 92 109 116 122 127 132
2 9 10 19 25 29 35 37 38 44 52 53 56 61 63 64 65 72 85 90 91 96 98 103 107 108 109 110 112 113 120 121 126 128 131 133 134
19 35 38 40 57 78 88 93 118 126 132
3 60 70 76 102 122
2 5 7 12 24 25 28 36 46 49 57 62 69 75 77 80 88 90 93 94 98 102 103 132 134
3 4 11 19 26 27 31 38 39 40 43 54 58 62 64 74 79 82 88 96 97 99 106 107 109 110 111 112 113 117 122 123 124 130 133
1 2 10 15 21 39 51 60 67 75 86 87 89 92 107 109 110 114 117 126 132 134
19 26 65 76 94
11 14 18 21 25 26 28 31 35 38 44 45 49 53 54 55 69 70 75 79 83 85 90 94 98 104 116 119 124 125 128 129 131 132 133
21 41 45 55 68 77 89 93 102 111 133
0 7 17 22 40 75 76 98 107 110 116
2 13 22 24 25 37 43 44 48 52 54 60 63 67 72 81 82 83 94 96 99 111 115 122 133
5 6 10 16 25 26 30 31 37 39 40 46 50 56 64 65 71 74 76 77 80 81 85 87 88 92 97 98 99 106 108 112 113 117 119 121 123 127
13 14 20 21 26 34 37 38 41 42 48 49 58 59 62 63 64 66 70 77 79 80 83 87 98 104 110 112 115 118 119 120 128 129 130
42 71 87 133
10 13 22 25 31 36 43 55 64 75 93 101 105 114 117 128 134
1 3 10 11 13 52 70 71 83 92 95 96 97 98 103 119 122
15 20 36 39 65 69 86 97 109 113 119 130 131
2 6 9 23 30 35 39 51 53 76 79 83 88 90 92 93 101 105 133
5 14 17 24 26 34 37 53 60 61 70 74 86 96 102 105 110 121 122 130 132
1 15 19 32 34 42 61 65 66 73 74 76 82 92 98 111 118 133
3 6 9 12 18 19 22 34 36 38 39 42 43 49 50 53 57 61 64 71 77 79 85 86 92 98 109 112 131 132

1 5 24 38 50 58 61 75 80 82 85 86 91 96 97 105 108 111 113 120
21 48 67 74 82 104
0 2 14 18 22 31 36 37 40 47 50 53 59 62 68 72 74 81 88 89 92 93 98 102 103 111 122 125 127 133
2 3 6 8 10 11 13 15 23 33 40 52 58 64 82 84 86 87 91 102 109 115 126 127 130 131
8 18 21 26 32 42 46 66 75 79 81 82 104 107 117 119 122 128
23 63 80 92 124
1 2 7 8 9 13 14 15 20 23 24 25 26 27 41 43 44 50 52 61 63 72 77 81 87 91 96 98 103 109 111 112 114 121 122 123 124 128 132
11 26 34 43 53 54 55 66 73 74 77 80 84 88 90 102 107 111 118 123 127 128 133
3 9 13 15 24 34 36 41 57 61 64 69 76 84 101 104 110 122 129
16 18 19 34 41 48 56 71 72 74 80 90 91 114 115 116 121 125 127
3 7 13 15 16 19 20 24 25 26 29 33 34 37 38 39 41 48 49 53 57 62 65 76 84 87 89 92 98 108 112 116 117 122 126 133
9 24 65 68
5 9 12 19 20 23 24 25 31 32 33 34 35 44 45 49 50 60 62 64 65 66 69 77 78 79 80 86 87 93 97 103 110 116 119 120 121
8 29 53 55 82 88 95 98 101 108 112 131
22 29 31 34 43 54 62 72 76 82 84 86 93 94 95 106
6 8 10 14 18 19 25 37 40 55 70 72 85 86 89 92 93 97 104 106 111 124 126 130
0 3 10 12 18 43 51 57
6 28 66 75 80 85 124 132
5 15 18 58 61 69 75 80 84 87 96 103 124
21 41 59 65 116
3 24 27 32 34 37 59 67 73 80 83 84 94 96 97 98 99 102 103 108 115 124 133
1 2 4 14 21 23 30 34 44 49 56 67 74 87 94 99 103 106 124 130 133
27 131
11 12 18 19 20 22 31 32 50 51 55 61 77 78 84 88 89 90 91 93 97 98 102 105 109 112
22 35 39 45 62 81 93 108 115 134
11 33 88 95 98 107
30 51 58 59 88 101 102 132
0 1 9 12 13 16 17 18 19 21 27 30 35 42 43 46 47 51 54 56 59 63 71 72 74 85 88 89 92 93 99 102 106 111 117 118 131
6 10 12 15 18 20 29 37 39 41 44 48 50 55 62 64 67 71 77 78 80 81 87 89 93 95 98 101 102 103 110 113 114 118 126 130 131
29
11 42
8 17 30 42 63 72 86 98 101 122
2 13 14 21 38 49 56 78 80 85 99 101 124 129 133 134
6 31 49 53 71 82 112 121 132
24 44 58 59 70 78 112 113 118
5 7 8 9 10 11 27 29 36 39 40 47 58 64 66 67 73 88 93 103 122 125 131
5 8 10 11 13 15 16 17 18 20 25 27 34 35 37 39 41 42 52 61 65 66 70 71 73 85 88 90 91 97 104 109 110 117 120
31 45 51 59 67 71 93 124 127 129
1 5 7 9 11 27 32 43 49 54 59 61 65 72 77 78 80 84 85 87 94 95 98 104 105 109 110 116 122
5 23 30 49 56 60 61 63 71 75 94 108 109 119 121 132
9 16 26 34 37 49 53 55 56 61 62 63 67 72 77 89 95 96 109 112 114 120 130 131 134
3 8 12 31 35 40 51 58 59 63 64 69 73 81 84 85 92 93 94 95 96 105 106 109 110 113 114 115 118 123
0 1 8 16 17 21 24 35 38 40 41 49 51 57 61 79 83 94 97 100 107 110 118 119 122 125 127 128 129
2 24 25 35 38 48 86 102 105 107 119
7 16 22 25 29 35 36 38 40 43 47 60 62 65 70 73 76 94 98 103 106 108 110 115 116 117 127 133 134
20 26 29 37 44 48 53 54 55 56 63 69 74 78 83 84 92 93 107 108 112 115 121 124 125
10 14 31 36 41 56 59 73 86 88 96 97 100 111 118 123 124 127 132 134
6 65 85 105 110 116 131
5 14 15 16 17 18 26 29 30 37 42 44 46 47 49 51 54 55 69 73 74 78 79 87 90 91 93 96 98 107 110 114 116 119 130 134
16 41 63 67 73 74 93 119 121 133
19 67 79 89 98
9 12 15 28 29 30 31 35 38 41 44 45 47 50 55 58 67 69 71 77 87 99 102 108 109 110 113 116 122 123 129
4 7 17 21 22 23 27 28 31 35 36 39 41 43 51 52 58 59 63 65 74 75 80 88 89 90 95 99 105 112 116 119 126 127
2 3 5 6 10 13 19 27 28 32 34 42 45 53 56 57 59 63 65 66 68 69 73 76 83 84 87 88 90 93 94 101 104 107 108 110 112 121 128 132
5 8 15 24 25 38 45 50 68 74 76 82 88 93 96 102
12 13 25 26 33 35 36 38 44 49 57 67 75 94 97 106 111 112 113 114 117 118 124 126
0 3 5 21 22 29 31 35 41 44 45 48 49 60 61 62 67 70 77 85 86 90 102 104 109 116 118 119 124 125 128 132
5 20 27 30 36 45 46 50 58 94 99 102 115 121 131
0 8 10 11 15 23 28 45 46 47 50 60 66 92 99 114 117 118 121 124 128 132 134
7 9 18 33 36 37 47 54 62 73 75 78 80 82 89 92 94 95 98 102 109 119 120 121
16 17 27 31 33 38 50 53 67 71 74 106 118
5 7 10 14 15 111 112 123 130 131 132 133
7 11

2 12 23 43 46 48 54 71 73 75 76 85 88 90 94 96 100 111 112 130
7 26 89 92 120
20 25 41 47 48 49 55 62 65 78 102 112 127 129 130 132
5 22 26 27 38 58 64 65 68 79 81 96 111 112 113 122
4 5 14 16 17 20 23 28 32 35 39 41 45 46 50 54 60 62 74 82 90 101 103 116 123 127 131
33 61 73 77 96 122 123
4 5 8 13 23 26 30 31 38 44 50 55 56 61 63 71 77 82 86 89 91 95 99 100 101 104 105 107 109 112 113 117 118 121 123 127 128 131 132
1 9 10 58 60 65 68 80 90 97 105 125 133
18 21 22 83 85 94 97 117 130
100
9 113
1 4 15 22 23 26 30 33 34 39 40 45 49 51 58 59 62 65 69 83 89 91 92 93 101 103 110 111 112 113 116 121 131
7 19 50 108
0 4 5 9 13 26 27 28 35 42 44 47 50 51 53 63 66 67 69 72 77 86 88 90 92 93 96 97 99 102 103 108 118 120 122 124 128 134
2 6 10 20 23 24 28 36 52 54 59 63 64 65 67 68 69 79 82 91 99 102 112 119 125 127 128 131
3 8 9 11 16 22 34 35 51 55 56 59 61 62 63 65 67 83 91 94 101 103 106 111 117 122 123 124 133
1 15 40 46 55 68 74 91 101 105 107 118
10 20 28 33 48 87 93 101 102 105 109 124 131
4 8 10 13 16 17 23 26 28 33 46 48 54 55 61 64 66 68 70 73 74 76 77 93 105 108 109 110 111 115 122 123 124 125 132 133 134
3 4 9 11 12 17 22 23 26 28 29 39 50 56 57 59 60 62 65 66 72 80 87 94 96 97 99 109 111 116 117 120 127 128 133 134
3 5 15 16 19 22 24 25 30 36 38 42 46 51 52 56 58 61 62 64 65 67 77 78 85 89 93 94 98 103 108 110 111 112 113 118 119 120 134
2 21 26 29 37 41 44 46 47 50 54 59 74 76 82 93 95 96 104 110 122
13 33 44 63 71
19 21 22 34 52 53 54 68 71 85 92 110 118
8 43 74 84 116
9 12 18 24 25 26 30 36 43 53 58 65 71 79 80 83 87 89 90 99 102 103 106 111 123 124 125 126 133
25 30 32 49 52 77 79 80 91 95 99 103 113 124 125
16 36 38 40 49 52 58 63 87 92 111 115 117 120 128
1 2 6 26 94 104 113 128
1 14 25 27 55 57 88
6 9 19 20 23 31 36 44 48 51 71 75 78 82 90 93 94 95 96 131 132
2 3 11 13 17 18 20 21 27 28 49 55 65 66 67 69 73 81 89 95 100 102 103 105 112 119 122 125 134
1 3 10 11 25 35 48 49 54 59 61 62 68 71 74 80 81 82 83 85 91 92 97 103 104 115 122 126 127 128
2 28 49 66
3 8 9 10 11 12 23 24 29 31 36 41 45 48 52 55 56 58 62 63 64 72 78 88 89 91 94 99 105 114 115 116 117 121 124 125 128 131
0 1 5 10 15 20 22 23 25 29 31 32 33 37 50 61 63 73 75 79 83 85 89 99 100 104 127 130 134
1 8 15 16 18 22 33 37 52 61 62 65 68 79 81 86 87 94 97 105 113 114 115 119 120 122 129 131
30 35 44 45 70 134
0 4 7 10 12 17 31 37 40 47 49 65 70 78 101 133
5 6 10 14 16 19 23 28 29 30 31 33 34 39 42 46 57 59 61 62 63 65 76 77 80 82 84 88 95 99 101 107 108 115 122 125 129 133
2 3 13 14 28 29 35 36 39 41 42 51 52 59 65 68 76 78 92 98 102 115 118 133
3 4 17 23 24 25 27 28 33 34 35 36 54 56 59 68 72 73 85 93 95 96 98 107 114 115 122 130
0 24 47 54 71 79 80 83 86 92 119 120 134
6
1 5 9 19 32 41 42 47 50 53 54 57 58 62 71 72 81 96 101 103 104 106 107 114 123 128 131
0 4 7 10 12 14 15 16 23 24 25 39 41 42 45 47 49 50 52 62 67 69 70 71 74 79 86 90 96 101 102 103 106 109 115 116 119 129 131
14 16 22 28 29 36 46 52 54 60 64 65 73 75 81 85 89 93 94 109 112 117 129 131
12 13 18 21 29 35 36 42 45 48 61 63 89 90 91 92 93 94 99 101 102 105
31 63 64 72 93 103 131
0 4 5 6 21 25 31 34 37 38 46 49 50 51 53 56 57 59 62 63 66 68 74 80 93 94 109 111 115 123 124 129 130
9 16 18 23 28 40 44 53 56 61 67 72 73 77 79 88 92 100 104 108 110 118
25 30 49 51 58 70 88 92 95 99 111 114 134
40 42 98
15 17 19 21 22 28 29 30 39 41 42 43 44 46 48 59 65 70 72 80 81 84 88 93 94 95 106 117 130 132 134
7 13 20 25 31 32 52 59 60 61 63 66 68 69 73 74 76 79 81 91 92 96 98 104 109 112 114 118 127 128 131 132 134
24 27 33 42 44 47 63 64 80 81 86 87 94 99 102 107 113 114 119 120 127
2 3 4 6 7 9 11 12 17 19 22 25 31 37 41 47 49 50 61 63 64 69 71 72 76 82 92 93 102 107 108 111 113 117 118 120 133
1 7 12 18 21 27 31 38 42 49 52 54 55 58 62 64 68 79 84 115
3 10 12 18 28 42 49 54 65 70 76 78 86 91
17 21 54 62 69 79 86 87 92 94 95 102 105 109 110 117 129 131 134
1 6 22 24 25 26 29 30 33 45 52 56 64 66 71 80 82 86 89 96 97 102 106 108

19 25 31 37 40 53 77 99 103 109 124 134
1 3 4 9 11 14 15 21 22 23 24 26 27 32 33 42 43 47 52 56 60 63 66 69 72 78 79 91 92 93 97 100 103 106 107 120 121 126 132 134
2 3 7 11 26 27 28 29 31 32 33 34 35 39 40 43 44 45 51 52 53 55 57 63 69 73 78 87 88 95 99 107 109 111 113 127 128 131 132
2 25 37 44 49 55 56 58 59 61 62 70 72 73 77 83 86 88 91 92 100 121
3 9 30 35 37 40 51 59 63 72 79 91 92 97 100 106 108 109 113 124
1 9 12 18 23 25 28 30 33 39 40 41 46 48 49 50 51 53 56 59 60 63 68 69 72 79 83 91 97 99 107 110 125 130 133 134
21 26 27 32 34 51 83 89 93 114 116 119 125 130 133 134
0 3 5 12 15 16 21 23 24 25 36 40 48 50 56 57 59 61 72 74 78 80 84 89 90 91 92 94 98 101 102 104 107 114 115 123 124 126 129
