9   134
36  134
26  134
22  134
5   134
11  134
7   134
10  134
27  134
22  134
38  134
32  134
3   134
37  134
8   134
15  134
1   134
35  134
1   134
23  134
7   134
7   134
3   134
16  134
16  134
5   134
35  134
18  134
38  134
14  134
14  134
32  134
4   134
1   134
30  134
23  134
10  134
3   134
2   134
38  134
6   134
15  134
29  134
3   134
34  134
35  134
9   134
22  134
17  134
38  134
32  134
19  134
19  134
4   134
13  134
7   134
4   134
30  134
31  134
29  134
20  134
10  134
5   134
9   134
4   134
12  134
23  134
10  134
36  134
33  134
22  134
36  134
23  134
22  134
37  134
31  134
5   134
20  134
20  134
15  134
38  134
29  134
29  134
12  134
24  134
27  134
14  134
2   134
25  134
34  134
11  134
39  134
40  134
10  134
1   134
26  134
29  134
12  134
22  134
2   134
36  134
35  134
19  134
16  134
27  134
2   134
20  134
8   134
35  134
5   134
19  134
32  134
31  134
4   134
24  134
15  134
5   134
29  134
20  134
26  134
13  134
35  134
17  134
37  134
23  134
24  134
26  134
0   134
22  134
14  134
39  134
33  134
25  134
3   134
34  134
20  134
28  134
10  134
4   134
35  134
17  134
38  134
21  134
36  134
34  134
6   134
24  134
2   134
3   134
16  134
38  134
29  134
37  134
8   134
14  134
37  134
28  134
1   134
20  134
13  134
22  134
11  134
21  134
33  134
6   134
13  134
28  134
39  134
39  134
23  134
0   134
26  134
23  134
32  134
23  134
29  134
15  134
21  134
23  134
37  134
11  134
6   134
25  134
35  134
22  134
5   134
35  134
11  134
11  134
25  134
38  134
35  134
4   134
17  134
17  134
13  134
19  134
21  134
18  134
30  134
0   134
20  134
6   134
30  134
26  134
18  134
5   134
39  134
23  134
19  134
19  134
36  134
4   134
37  134
12  134
16  134
24  134
8   134
8   134
13  134
5   134
23  134
21  134
2   134
26  134
10  134
6   134
8   134
37  134
37  134
1   134
2   134
10  134
16  134
9   134
9   134
23  134
35  134
10  134
29  134
16  134
25  134
30  134
29  134
11  134
29  134
25  134
20  134
7   134
36  134
10  134
5   134
31  134
34  134
40  134
16  134
24  134
32  134
15  134
23  134
24  134
13  134
12  134
2   134
0   134
20  134
5   134
16  134
16  134
27  134
7   134
39  134
13  134
9   134
1   134
2   134
33  134
4   134
38  134
28  134
29  134
12  134
13  134
37  134
36  134
39  134
21  134
5   134
13  134
5   134
29  134
15  134
15  134
8   134
7   134
21  134
29  134
30  134
4   134
38  134
29  134
28  134
6   134
16  134
38  134
24  134
28  134
13  134
1   134
27  134
39  134
24  134
22  134
7   134
33  134
22  134
13  134
3   134
31  134
33  134
21  134
37  134
20  134
14  134
19  134
24  134
0   134
12  134
40  134
39  134
22  134
20  134
36  134
16  134
39  134